2999
671 495
2505 671
1077 2505
203 1077
434 203
1756 434
624 1756
194 624
1517 194
1129 1517
1491 1129
747 1491
1981 747
2135 1981
1089 2135
2977 1089
844 2977
2022 844
2680 2022
740 2680
2307 740
1245 2307
1793 1245
2334 1793
793 2334
2133 793
1182 2133
1711 1182
452 1711
1822 452
614 1822
537 614
587 537
253 587
265 253
639 265
628 639
2364 628
2791 2364
2609 2791
823 2609
2719 823
2267 2719
1649 2267
1626 1649
2911 1626
1444 2911
1347 1444
1797 1347
2487 1797
1046 2487
994 1046
1127 994
1895 1127
2583 1895
851 2583
1850 851
2656 1850
1032 2656
1678 1032
2878 1678
1851 2878
2728 1851
1511 2728
1612 1511
1483 1612
765 1483
1452 765
307 1452
393 307
2031 393
2800 2031
2328 2800
1037 2328
106 1037
1476 106
1322 1476
1784 1322
2584 1784
186 2584
1288 186
1137 1288
1496 1137
258 1496
249 258
2093 249
933 2093
2470 933
1883 2470
2107 1883
2467 2107
2229 2467
2535 2229
750 2535
1034 750
2395 1034
285 2395
1684 285
2779 1684
88 2779
2677 88
315 2677
946 315
2736 946
1278 2736
663 1278
2761 663
803 2761
94 803
483 94
2835 483
1551 2835
2090 1551
2673 2090
1683 2673
2165 1683
314 2165
817 314
2657 817
699 2657
2385 699
2449 2385
1905 2449
1366 1905
1777 1366
574 1777
120 574
2739 120
2622 2739
124 2622
1482 124
559 1482
58 559
1395 58
2745 1395
2155 2745
2427 2155
970 2427
1199 970
893 1199
584 893
1378 584
1307 1378
2413 1307
1860 2413
888 1860
75 888
2348 75
2646 2348
650 2646
2636 650
1430 2636
2648 1430
2858 2648
2318 2858
733 2318
728 733
1158 728
2244 1158
2825 2244
892 2825
2488 892
1478 2488
1739 1478
2818 1739
801 2818
2706 801
1512 2706
2537 1512
2065 2537
1635 2065
836 1635
368 836
1789 368
682 1789
579 682
1886 579
1841 1886
1555 1841
157 1555
759 157
1949 759
2310 1949
2554 2310
2698 2554
2693 2698
1628 2693
2603 1628
206 2603
234 206
1837 234
2881 1837
2443 2881
886 2443
2263 886
446 2263
1951 446
2973 1951
2613 2973
1946 2613
2012 1946
1952 2012
2315 1952
459 2315
2992 459
2645 2992
1429 2645
236 1429
1308 236
863 1308
331 863
1243 331
301 1243
179 301
968 179
2749 968
475 2749
1469 475
1326 1469
1505 1326
1691 1505
2822 1691
2605 2822
1204 2605
1113 1204
2336 1113
1271 2336
2650 1271
630 2650
1211 630
2099 1211
2465 2099
1929 2465
2182 1929
2258 2182
288 2258
407 288
2 407
1926 2
557 1926
2750 557
2453 2750
2586 2453
672 2586
1843 672
2712 1843
1375 2712
2952 1375
202 2952
1618 202
772 1618
1141 772
2921 1141
2464 2921
538 2464
2843 538
2675 2843
523 2675
2223 523
1039 2223
2568 1039
207 2568
1497 207
72 1497
1268 72
2184 1268
1208 2184
1509 1208
2225 1509
1697 2225
1304 1697
2847 1304
1219 2847
686 1219
1281 686
2581 1281
1168 2581
935 1168
1406 935
1490 1406
1151 1490
162 1151
38 162
298 38
636 298
1873 636
626 1873
2903 626
2475 2903
932 2475
1218 932
140 1218
1159 140
1867 1159
1800 1867
695 1800
2430 695
2886 2430
2297 2886
528 2297
1050 528
2393 1050
2106 2393
2842 2106
712 2842
1358 712
1142 1358
827 1142
304 827
754 304
2394 754
907 2394
612 907
2786 612
2544 2786
1169 2544
1747 1169
697 1747
259 697
1676 259
2097 1676
1433 2097
560 1433
2268 560
2781 2268
1459 2781
2802 1459
2640 2802
364 2640
25 364
1176 25
2587 1176
755 2587
330 755
2913 330
2415 2913
378 2415
14 378
2981 14
855 2981
2937 855
489 2937
962 489
1126 962
1972 1126
443 1972
1607 443
1206 1607
1161 1206
155 1161
2915 155
228 2915
1071 228
657 1071
461 657
2357 461
1061 2357
417 1061
1601 417
2816 1601
1468 2816
136 1468
2266 136
163 2266
422 163
2711 422
2423 2711
400 2423
66 400
956 66
1809 956
627 1809
1064 627
1825 1064
2422 1825
1542 2422
1248 1542
2346 1248
1990 2346
1254 1990
1004 1254
2062 1004
2057 2062
282 2057
2216 282
566 2216
2874 566
1456 2874
876 1456
757 876
1073 757
2147 1073
2063 2147
1813 2063
11 1813
2961 11
2428 2961
184 2428
2248 184
2530 2248
280 2530
1136 280
1736 1136
1450 1736
1853 1450
2969 1853
2109 2969
2226 2109
476 2226
563 476
1118 563
178 1118
1357 178
1035 1357
2499 1035
2024 2499
1114 2024
1092 1114
806 1092
1209 806
2455 1209
2468 2455
1317 2468
2684 1317
1863 2684
2575 1863
2866 2575
502 2866
1966 502
1760 1966
1403 1760
1513 1403
2141 1513
860 2141
1053 860
77 1053
898 77
887 898
2951 887
2780 2951
2234 2780
780 2234
2289 780
95 2289
385 95
251 385
1771 251
1164 1771
1847 1164
2980 1847
2305 2980
1273 2305
2846 1273
1082 2846
1327 1082
1968 1327
1232 1968
2873 1232
2974 2873
2183 2974
175 2183
201 175
366 201
1184 366
2279 1184
1052 2279
2614 1052
1650 2614
729 1650
41 729
2025 41
240 2025
2023 240
1460 2023
1698 1460
1121 1698
2015 1121
840 2015
2824 840
1810 2824
1377 1810
2942 1377
2875 2942
2817 2875
2740 2817
521 2740
776 521
2101 776
1144 2101
2392 1144
2936 2392
220 2936
1274 220
2081 1274
219 2081
812 219
617 812
715 617
678 715
1682 678
1882 1682
878 1882
1572 878
924 1572
2972 924
1767 2972
1335 1767
1501 1335
641 1501
2011 641
622 2011
1028 622
2406 1028
143 2406
1396 143
1657 1396
1616 1657
170 1616
2454 170
2995 2454
668 2995
2633 668
1346 2633
783 1346
2864 783
1897 2864
134 1897
320 134
2538 320
2620 2538
146 2620
1463 146
548 1463
597 548
625 597
921 625
1598 921
1518 1598
2870 1518
180 2870
1388 180
1166 1388
1072 1166
1554 1072
752 1554
128 752
1340 128
2570 1340
7 2570
57 7
2275 57
1625 2275
1975 1625
764 1975
1298 764
567 1298
2729 567
2354 2729
2376 2354
243 2376
2469 243
2479 2469
2311 2479
391 2311
1021 391
2014 1021
399 2014
939 399
809 939
1150 809
2087 1150
1621 2087
21 1621
1297 21
2142 1297
2682 2142
2471 2682
2548 2471
802 2548
127 802
1909 127
814 1909
2704 814
2389 2704
487 2389
689 487
2120 689
1859 2120
45 1859
1808 45
60 1808
1693 60
427 1693
1146 427
2883 1146
901 2883
771 901
1195 771
244 1195
2250 244
1876 2250
1677 1876
276 1677
2456 276
306 2456
1056 306
2424 1056
644 2424
632 644
575 632
5 575
1295 5
268 1295
2460 268
722 2460
2442 722
1986 2442
1030 1986
2676 1030
2902 2676
2895 2902
1670 2895
1510 1670
1561 1510
233 1561
1410 233
294 1410
1149 294
362 1149
2113 362
138 2113
1914 138
1194 1914
2286 1194
111 2286
1712 111
1675 1712
2115 1675
59 2115
286 59
2593 286
1536 2593
2104 1536
1523 2104
2959 1523
818 2959
1689 818
2596 1689
788 2596
1290 788
2683 1290
2939 2683
1036 2939
1519 1036
2917 1519
2179 2917
1811 2179
2855 1811
185 2855
2314 185
911 2314
2103 911
2490 2103
68 2490
598 68
454 598
1578 454
2707 1578
1845 2707
2986 1845
2667 2986
859 2667
2270 859
392 2270
1371 392
2700 1371
2529 2700
1913 2529
831 1913
518 831
1364 518
1579 1364
2910 1579
564 2910
1428 564
1533 1428
1160 1533
1709 1160
1495 1709
1583 1495
1098 1583
1470 1098
2632 1470
1525 2632
2759 1525
2528 2759
101 2528
1277 101
638 1277
610 638
2421 610
1167 2421
237 1167
2353 237
1018 2353
55 1018
2124 55
1014 2124
118 1014
499 118
1919 499
2790 1919
2483 2790
287 2483
1323 287
1464 1323
1299 1464
172 1299
2654 172
1260 2654
943 1260
2763 943
2794 2763
974 2794
2699 974
1287 2699
1594 1287
2021 1594
283 2021
1063 283
841 1063
912 841
1954 912
724 1954
927 724
1529 927
2252 1529
1588 2252
2235 1588
300 2235
2494 300
99 2494
2572 99
991 2572
2359 991
961 2359
999 961
214 999
2163 214
2871 2163
6 2871
198 6
40 198
506 40
1535 506
1370 1535
2899 1370
569 2899
1445 569
2316 1445
12 2316
1356 12
1633 1356
1748 1633
394 1748
2207 394
1224 2207
377 1224
1562 377
2602 1562
2914 2602
963 2914
1746 963
2577 1746
79 2577
2954 79
2896 2954
846 2896
674 846
92 674
1567 92
1442 1567
1316 1442
693 1316
1447 693
2854 1447
2536 2854
2831 2536
1446 2831
1355 1446
692 1355
2884 692
977 2884
1960 977
833 1960
2130 833
1417 2130
1026 1417
713 1026
2045 713
2766 2045
1559 2766
1932 1559
2121 1932
954 2121
654 954
514 654
1321 514
1102 1321
2852 1102
2998 2852
365 2998
2116 365
1568 2116
1239 1568
972 1239
1669 972
2953 1669
2721 2953
865 2721
2260 865
1710 2260
429 1710
2034 429
965 2034
1059 965
2547 1059
1666 2547
1198 1666
2070 1198
1713 2070
652 1713
210 652
553 210
277 553
2532 277
702 2532
15 702
517 15
2255 517
1062 2255
1473 1062
1834 1473
880 1834
341 880
2801 341
2504 2801
2050 2504
100 2050
2167 100
931 2167
1608 931
986 1608
342 986
83 342
2876 83
568 2876
1761 568
1877 1761
525 1877
941 525
1937 941
535 1937
2705 535
2662 2705
123 2662
2007 123
2949 2007
1183 2949
1502 1183
1947 1502
2032 1947
1643 2032
1854 1643
1237 1854
2020 1237
1997 2020
2257 1997
2573 2257
1173 2573
938 1173
2228 938
824 2228
2091 824
2416 2091
791 2416
1749 791
854 1749
874 854
1193 874
50 1193
2129 50
2758 2129
49 2758
543 49
2249 543
395 2249
2746 395
1376 2746
2271 1376
1002 2271
334 1002
794 334
2701 794
2049 2701
835 2049
2827 835
488 2827
479 488
2957 479
2436 2957
449 2436
309 449
797 309
1577 797
1282 1577
944 1282
667 944
1680 667
2626 1680
1344 2626
2284 1344
2150 2284
2990 2150
1156 2990
2136 1156
1280 2136
522 1280
929 522
1269 929
1766 1269
1391 1766
2339 1391
790 2339
2616 790
1527 2616
2042 1527
635 2042
926 635
1936 926
383 1936
137 383
1250 137
319 1250
1246 319
420 1246
504 420
775 504
2127 775
281 2127
958 281
1005 958
2382 1005
425 2382
457 425
227 457
229 227
1658 229
779 1658
2098 779
1078 2098
1189 1078
2834 1189
992 2834
2555 992
1302 2555
781 1302
2401 781
1908 2401
1818 1908
264 1818
18 264
2333 18
2863 2333
351 2863
1703 351
2925 1703
2030 2925
1648 2030
555 1648
889 555
432 889
1109 432
1758 1109
1293 1758
1407 1293
2485 1407
1840 2485
601 1840
278 601
1718 278
1614 1718
496 1614
2880 496
595 2880
2642 595
2433 2642
894 2433
2807 894
397 2807
419 397
1415 419
177 1415
1249 177
13 1249
786 13
1879 786
1976 1879
2132 1976
414 2132
2560 414
1105 2560
53 1105
380 53
90 380
866 90
333 866
1548 333
2384 1548
899 2384
1792 899
1855 1792
2851 1855
2335 2851
1330 2335
645 1330
1894 645
344 1894
1651 344
1116 1651
2187 1116
934 2187
848 934
2079 848
437 2079
447 437
877 447
1515 877
1991 1515
2655 1991
1361 2655
2362 1361
2806 2362
1408 2806
440 1408
1871 440
381 1871
418 381
596 418
2743 596
245 2743
565 245
1889 565
2624 1889
766 2624
532 766
247 532
1585 247
1842 1585
2242 1842
435 2242
29 435
2819 29
1108 2819
2138 1108
852 2138
1312 852
967 1312
2516 967
2938 2516
2290 2938
2820 2290
1175 2820
1917 1175
700 1917
993 700
2283 993
1256 2283
942 1256
2169 942
117 2169
2619 117
1201 2619
2907 1201
2639 2907
36 2639
605 36
1654 605
338 1654
1806 338
188 1806
31 188
1995 31
107 1995
2209 107
2088 2209
964 2088
1334 964
2514 1334
725 2514
2815 725
2193 2815
980 2193
296 980
474 296
1866 474
2447 1866
2511 2447
1157 2511
1263 1157
2772 1263
2638 2772
1305 2638
67 1305
737 67
656 737
2955 656
1794 2955
2983 1794
2666 2983
1207 2666
373 1207
2495 373
1999 2495
2994 1999
2058 2994
2493 2058
197 2493
1636 197
1629 1636
2987 1629
2924 2987
1110 2924
825 1110
730 825
2061 730
1041 2061
2702 1041
1833 2702
466 1833
4 466
1192 4
1362 1192
1624 1362
2856 1624
356 2856
352 356
2306 352
80 2306
1241 80
2358 1241
1342 2358
1097 1342
2241 1097
2327 2241
10 2327
2867 10
1989 2867
2126 1989
2340 2126
408 2340
1369 408
1898 1369
2068 1898
1461 2068
2720 1461
669 2720
602 669
2452 602
367 2452
371 367
2363 371
742 2363
2221 742
2171 2221
1471 2171
1560 1471
81 1560
86 81
2173 86
583 2173
223 583
164 223
2778 164
634 2778
467 634
1095 467
39 1095
2111 39
2527 2111
1674 2527
69 1674
2512 69
666 2512
2040 666
2202 2040
1751 2202
714 1751
2793 714
606 2793
2713 606
704 2713
1875 704
1348 1875
989 1348
490 989
1261 490
2606 1261
275 2606
1365 275
1998 1365
133 1998
1780 133
913 1780
54 913
643 54
2519 643
2556 2519
2922 2556
238 2922
1044 238
340 1044
1170 340
576 1170
2588 576
2446 2588
2958 2446
820 2958
2082 820
1163 2082
1008 1163
1474 1008
1229 1474
647 1229
1 647
1221 1
727 1221
810 727
1488 810
955 1488
1500 955
1352 1500
481 1352
2451 481
1069 2451
507 1069
190 507
1060 190
2738 1060
1504 2738
1688 1504
815 1688
1310 815
1599 1310
1671 1599
1070 1671
358 1070
2513 358
1661 2513
2882 1661
250 2882
222 250
711 222
2709 711
218 2709
2172 218
1301 2172
17 1301
372 17
1148 372
571 1148
2597 571
2085 2597
1267 2085
2783 1267
205 2783
1869 205
273 1869
2211 273
875 2211
665 875
1253 665
1778 1253
2220 1778
534 2220
2869 534
2607 2869
1390 2607
2476 1390
1620 2476
2839 1620
2773 2839
1223 2773
1080 1223
957 1080
706 957
1185 706
599 1185
1941 599
1971 1941
739 1971
1315 739
2500 1315
387 2500
2198 387
1896 2198
424 1896
919 424
2563 919
119 2563
1948 119
2009 1948
2180 2009
1472 2180
431 1472
906 431
1466 906
1132 1466
2812 1132
125 2812
2901 125
51 2901
246 51
1228 246
2703 1228
2634 2703
2462 2634
1143 2462
1423 1143
550 1423
2199 550
32 2199
1329 32
1552 1329
905 1552
2853 905
1138 2853
1993 1138
2833 1993
1770 2833
325 1770
2134 325
1592 2134
2567 1592
1443 2567
1983 1443
1957 1983
2083 1957
463 2083
1623 463
1093 1623
2412 1093
1230 2412
1385 1230
648 1385
2888 648
2850 2888
512 2850
2799 512
1332 2799
472 1332
2246 472
2016 2246
2905 2016
455 2905
1844 455
2186 1844
171 2186
917 171
1930 917
256 1930
2641 256
1521 2641
135 1521
1025 135
1728 1025
262 1728
267 262
2553 267
2140 2553
2621 2140
2742 2621
1436 2742
1754 1436
1031 1754
1499 1031
2690 1499
1507 2690
2730 1507
2474 2730
2681 2474
834 2681
1522 834
2735 1522
660 2735
1236 660
166 1236
312 166
438 312
1154 438
1401 1154
2404 1401
74 2404
2908 74
82 2908
539 82
2946 539
1753 2946
2557 1753
1617 2557
2196 1617
1964 2196
2782 1964
71 2782
2651 71
1653 2651
2001 1653
139 2001
677 139
637 677
1016 637
2361 1016
984 2361
1214 984
1637 1214
2929 1637
1441 2929
2200 1441
2760 2200
2033 2760
144 2033
2849 144
1831 2849
1435 1831
271 1435
176 271
910 176
1475 910
1553 1475
1803 1553
1687 1803
936 1687
1943 936
2320 1943
1337 2320
2838 1337
2618 2838
959 2618
2770 959
562 2770
403 562
1874 403
734 1874
2960 734
2053 2960
2769 2053
1489 2769
2718 1489
1389 2718
396 1389
1911 396
1719 1911
691 1719
1571 691
142 1571
1106 142
1849 1106
1003 1849
2056 1003
2717 2056
837 2717
709 837
1213 709
1557 1213
2295 1557
1343 2295
263 1343
2927 263
1942 2927
1692 1942
448 1692
78 448
1679 78
763 1679
2731 763
370 2731
839 370
2410 839
1924 2410
1351 1924
2999 1351
272 2999
2206 272
1210 2206
2472 1210
603 2472
1695 603
1564 1695
718 1564
908 718
1600 908
1838 1600
2262 1838
2343 2262
1779 2343
2189 1779
741 2189
659 741
503 659
1419 503
2546 1419
2396 2546
2338 2396
1038 2338
2891 1038
384 2891
1294 384
2628 1294
1901 2628
2788 1901
683 2788
2461 683
2975 2461
2409 2975
2649 2409
254 2649
1764 254
2450 1764
2509 2450
1418 2509
1398 1418
405 1398
2205 405
217 2205
1333 217
2064 1333
1781 2064
1920 1781
811 1920
2236 811
2131 2236
2352 2131
2312 2352
354 2312
1538 354
147 1538
2418 147
2066 2418
23 2066
2158 23
1565 2158
482 1565
2043 482
2170 2043
2659 2170
909 2659
1130 909
2417 1130
2968 2417
439 2968
2612 439
1432 2612
363 1432
326 363
530 326
2407 530
113 2407
1453 113
2278 1453
542 2278
2486 542
1350 2486
1530 1350
2190 1530
1956 2190
864 1956
1477 864
2017 1477
299 2017
2160 299
2664 2160
48 2664
1965 48
2000 1965
1402 2000
822 1402
1755 822
2498 1755
578 2498
1631 578
1878 1631
821 1878
1145 821
1609 1145
1630 1609
1985 1630
416 1985
115 416
317 115
1647 317
2629 1647
2520 2629
784 2520
541 784
978 541
406 978
826 406
949 826
990 949
1720 990
1341 1720
2776 1341
8 2776
544 8
501 544
585 501
2956 585
2734 2956
2967 2734
1096 2967
1786 1096
318 1786
2197 318
508 2197
2623 508
2047 2623
2264 2047
1783 2264
2804 1783
2984 2804
2562 2984
305 2562
2055 305
621 2055
1383 621
52 1383
1798 52
2737 1798
1438 2737
169 1438
768 169
1492 768
608 1492
2872 608
1257 2872
2071 1257
339 2071
2096 339
145 2096
604 145
2210 604
2630 2210
884 2630
2522 884
1276 2522
1950 1276
1775 1950
708 1775
2168 708
2926 2168
1927 2926
2162 1927
1235 2162
1029 1235
2089 1029
1731 2089
313 1731
361 313
1285 361
158 1285
1707 158
1112 1707
673 1112
1227 673
736 1227
73 736
1742 73
1111 1742
129 1111
1891 129
696 1891
2342 696
524 2342
1962 524
2273 1962
1584 2273
1987 1584
1379 1987
2048 1379
988 2048
1212 988
2996 1212
1101 2996
293 1101
1085 293
890 1085
1424 890
2768 1424
735 2768
2398 735
2531 2398
269 2531
1782 269
1381 1782
1645 1381
1023 1645
1549 1023
1857 1549
252 1857
1076 252
1615 1076
1974 1615
470 1974
2971 470
1012 2971
510 1012
2674 510
1715 2674
1606 1715
1058 1606
1829 1058
743 1829
2541 743
451 2541
93 451
1904 93
1597 1904
1836 1597
1240 1836
2143 1240
324 2143
2372 324
1888 2372
862 1888
1462 862
2775 1462
549 2775
2765 549
609 2765
2540 609
1427 2540
873 1427
789 873
2457 789
2102 2457
37 2102
374 37
1420 374
2566 1420
2148 2566
973 2148
1181 973
2653 1181
1380 2653
231 1380
2448 231
1055 2448
1864 1055
43 1864
2164 43
1015 2164
390 1015
2993 390
2764 2993
1120 2764
1807 1120
684 1807
1283 684
1729 1283
1384 1729
428 1384
2054 428
2943 2054
1222 2943
1125 1222
2559 1125
2325 2559
2752 2325
2481 2752
2744 2481
1481 2744
2072 1481
676 2072
1186 676
1880 1186
1180 1880
1846 1180
515 1846
2771 515
493 2771
225 493
347 225
1270 347
688 1270
2482 688
2489 2482
2276 2489
1672 2276
2086 1672
323 2086
2239 323
1701 2239
2191 1701
662 2191
1009 662
681 1009
456 681
1881 456
2725 1881
2298 2725
915 2298
2767 915
1188 2767
981 1188
1815 981
1774 1815
1331 1774
152 1331
746 152
2159 746
520 2159
594 520
816 594
2643 816
1107 2643
979 1107
1696 979
1979 1696
2367 1979
952 2367
2291 952
2484 2291
187 2484
2561 187
2347 2561
1040 2347
849 1040
1411 849
1099 1411
1744 1099
2299 1744
291 2299
1042 291
200 1042
114 200
1338 114
2477 1338
153 2477
2723 153
2517 2723
2515 2517
1902 2515
1832 1902
2506 1832
698 2506
533 698
126 533
388 126
62 388
2631 62
1586 2631
2868 1586
3 2868
1667 3
1022 1667
551 1022
1821 551
1336 1821
2789 1336
98 2789
2859 98
2466 2859
975 2466
189 975
2019 189
2245 2019
2281 2245
1722 2281
853 1722
2371 853
2458 2371
2708 2458
498 2708
2356 498
2492 2356
2240 2492
266 2240
2663 266
1796 2663
2390 1796
902 2390
150 902
1899 150
664 1899
582 664
1311 582
1220 1311
2400 1220
1868 2400
16 1868
2478 16
1977 2478
2231 1977
2046 2231
590 2046
1824 590
1865 1824
2963 1865
1563 2963
1122 1563
2615 1122
2966 2615
2118 2966
2569 2118
1368 2569
2989 1368
2491 2989
2369 2491
1610 2369
2962 1610
813 2962
1558 813
208 1558
1556 208
1265 1556
1017 1265
1197 1017
1591 1197
589 1591
2496 589
1083 2496
2803 1083
1732 2803
916 1732
302 916
680 302
785 680
42 785
156 42
1119 156
1814 1119
1306 1814
703 1306
2010 703
2672 2010
2408 2672
1162 2408
2732 1162
1870 2732
484 1870
2985 484
2829 2985
1644 2829
1467 1644
1426 1467
2293 1426
480 2293
554 480
1603 554
646 1603
2366 646
159 2366
471 159
1737 471
2473 1737
2787 2473
556 2787
2579 556
2431 2579
1314 2431
2292 1314
1205 2292
195 1205
2988 195
2889 2988
450 2889
1057 450
2217 1057
2308 2217
1397 2308
270 1397
995 270
2991 995
382 2991
531 382
2201 531
402 2201
1570 402
485 1570
2753 485
1074 2753
1933 1074
1272 1933
1318 1272
1359 1318
343 1359
389 343
1763 389
289 1763
1135 289
2828 1135
2425 2828
410 2425
2212 410
2687 2212
1804 2687
415 1804
675 415
1328 675
22 1328
2177 22
509 2177
2813 509
2313 2813
1827 2313
2322 1827
279 2322
1247 279
2331 1247
1835 2331
940 1835
1791 940
1743 1791
1590 1743
649 1590
900 649
1234 900
2591 1234
104 2591
130 104
1735 130
2027 1735
2332 2027
552 2332
1498 552
2329 1498
2920 2329
284 2920
477 284
70 477
1830 70
248 1830
2379 248
64 2379
2018 64
1414 2018
1953 1414
2589 1953
922 2589
9 922
329 9
1768 329
1117 1768
580 1117
777 580
2608 777
1084 2608
2237 1084
2970 2237
1262 2970
1604 1262
1799 1604
1817 1799
379 1817
1668 379
1580 1668
1694 1580
1251 1694
1970 1251
2564 1970
2303 2564
600 2303
409 600
441 409
2013 441
2668 2013
2578 2668
30 2578
1394 30
110 1394
830 110
1172 830
545 1172
2644 545
2383 2644
1611 2383
2420 1611
2440 2420
1399 2440
2282 1399
1916 2282
1526 1916
2930 1526
1437 2930
1574 1437
1828 1574
1776 1828
2441 1776
593 2441
2756 593
327 2756
1958 327
2296 1958
2686 2296
529 2686
756 529
1528 756
2208 1528
1508 2208
2391 1508
1065 2391
2565 1065
2373 2565
1641 2373
2300 1641
1431 2300
819 1431
2576 819
1699 2576
1416 1699
717 1416
869 717
2601 869
558 2601
1619 558
2151 1619
2084 2151
1147 2084
1455 1147
1494 1455
426 1494
804 426
1639 804
160 1639
161 160
1440 161
720 1440
679 720
2204 679
2375 2204
732 2375
828 732
2480 828
2627 2480
2463 2627
1386 2463
891 1386
19 891
2037 19
311 2037
1066 311
2149 1066
1944 2149
1266 1944
322 1266
181 322
1434 181
1915 1434
2785 1915
335 2785
2837 335
2722 2837
1292 2722
1546 1292
1068 1546
1638 1068
586 1638
868 586
951 868
808 951
1202 808
241 1202
2543 241
1686 2543
1007 1686
209 1007
2302 209
1079 2302
165 1079
2670 165
2965 2670
2669 2965
398 2669
2931 398
2059 2931
76 2059
1938 76
805 1938
2879 805
2697 2879
2174 2697
1319 2174
1320 1319
629 1320
1714 629
2185 1714
1820 2185
213 1820
2105 213
2213 2105
950 2213
2549 950
1903 2549
857 1903
1887 857
2153 1887
239 2153
2438 239
2610 2438
655 2610
2110 655
46 2110
1582 46
2716 1582
1587 2716
2321 1587
871 2321
1171 871
2582 1171
511 2582
850 511
2036 850
1576 2036
561 1576
2272 561
2714 2272
2637 2714
444 2637
1313 444
2387 1313
2078 2387
616 2078
2145 616
2539 2145
707 2539
2075 707
2592 2075
1013 2592
2691 1013
2898 2691
1506 2898
1479 1506
2944 1479
2304 2944
1702 2304
2319 1702
34 2319
928 34
2861 928
2222 2861
2590 2222
1048 2590
1545 1048
2368 1545
2137 2368
838 2137
2830 838
1382 2830
971 1382
2108 971
694 2108
2533 694
903 2533
1493 903
465 1493
332 465
1961 332
2585 1961
1967 2585
2123 1967
1595 2123
386 1595
1717 386
2524 1717
1255 2524
782 1255
719 782
1982 719
976 1982
1912 976
778 1912
1593 778
1589 1593
1634 1589
723 1634
2397 723
2365 2397
1984 2365
1652 1984
192 1652
1242 192
640 1242
2885 640
642 2885
1795 642
1940 1795
1805 1940
226 1805
442 226
2976 442
151 2976
513 151
948 513
1128 948
716 1128
2523 716
1787 2523
2122 1787
1088 2122
799 1088
1019 799
2887 1019
486 2887
27 486
473 27
2558 473
1140 2558
2897 1140
1449 2897
1750 1449
199 1750
2652 199
460 2652
1925 460
1422 1925
1178 1422
2715 1178
895 2715
2195 895
1131 2195
349 1131
572 349
1006 572
1231 1006
2194 1231
132 2194
744 132
1573 744
2380 1573
2551 2380
1011 2551
1662 1011
2188 1662
1726 2188
1581 1726
149 1581
1309 149
423 1309
1177 423
690 1177
2526 690
2647 2526
987 2647
546 987
792 546
798 792
453 798
97 453
2617 97
469 2617
1541 469
1090 1541
856 1090
369 856
705 369
2041 705
2411 2041
1349 2411
2008 1349
1325 2008
881 1325
1772 881
1216 1772
2688 1216
1935 2688
2224 1935
2004 2224
1856 2004
547 1856
1716 547
1367 1716
761 1367
102 761
1152 102
2074 1152
2002 2074
2497 2002
2525 2497
2840 2525
2028 2840
492 2028
2095 492
1890 2095
2550 1890
738 2550
2128 738
1134 2128
255 1134
2935 255
1345 2935
458 1345
2635 458
2381 2635
1928 2381
357 1928
918 357
1934 918
2784 1934
2232 2784
925 2232
2916 925
2811 2916
290 2811
1139 290
1289 1139
774 1289
2419 774
2439 2419
1566 2439
1738 1566
2161 1738
2510 2161
920 2510
1303 920
215 1303
2695 215
211 2695
2112 211
1179 2112
1918 1179
2233 1918
2377 2233
1124 2377
1226 1124
1451 1226
350 1451
1900 350
1190 1900
1421 1190
433 1421
1353 433
235 1353
216 235
154 216
2795 154
2696 2795
1439 2696
1279 1439
795 1279
2821 795
2679 2821
1622 2679
1727 1622
1514 1727
2277 1514
842 2277
1655 842
1907 1655
2658 1907
1503 2658
2665 1503
1861 2665
2119 1861
1673 2119
413 1673
753 413
2144 753
122 2144
261 122
2748 261
2809 2748
1893 2809
2405 1893
2218 2405
1931 2218
2039 1931
751 2039
1765 751
1660 1765
1848 1660
1244 1848
2848 1244
591 2848
1400 591
845 1400
1047 845
1721 1047
212 1721
2751 212
295 2751
1762 295
858 1762
2832 858
1465 2832
2918 1465
1745 2918
2857 1745
1978 2857
960 1978
1067 960
2214 1067
758 2214
230 758
2798 230
348 2798
404 348
191 404
1921 191
2502 1921
1087 2502
540 1087
867 540
183 867
33 183
588 33
1045 588
112 1045
2038 112
2508 2038
2154 2508
2747 2154
2069 2747
2689 2069
2978 2689
360 2978
2823 360
1215 2823
91 1215
292 91
620 292
2906 620
345 2906
749 345
2594 749
769 2594
2399 769
1425 2399
1339 1425
1372 1339
1730 1372
1448 1730
1534 1448
2256 1534
2808 2256
2238 2808
2600 2238
2350 2600
2459 2350
1405 2459
2349 1405
2261 2349
2344 2261
1996 2344
2337 1996
2521 2337
2894 2521
573 2894
355 573
1923 355
232 1923
1520 232
1839 1520
1705 1839
61 1705
2166 61
687 2166
1480 687
1225 1480
1892 1225
1769 1892
26 1769
1994 26
505 1994
2152 505
1196 2152
1540 1196
2117 1540
2445 2117
173 2445
721 173
914 721
1752 914
316 1752
2076 316
1238 2076
1910 1238
2661 1910
500 2661
2288 500
1354 2288
2434 1354
1632 2434
516 1632
882 516
2414 882
832 2414
1627 832
896 1627
2997 896
1191 2997
167 1191
2175 167
1665 2175
346 1665
1103 346
2370 1103
2826 2370
121 2826
1826 121
2259 1826
1550 2259
2685 1550
760 2685
2694 760
885 2694
2909 885
577 2909
2156 577
2051 2156
2254 2051
2844 2254
2139 2844
1275 2139
1020 1275
2865 1020
1681 2865
2146 1681
131 2146
1516 131
116 1516
2269 116
2860 2269
2741 2860
762 2741
2251 762
103 2251
1539 103
2114 1539
1454 2114
2345 1454
2317 2345
2774 2317
1291 2774
519 1291
937 519
1412 937
1485 1412
2326 1485
24 2326
1605 24
527 1605
2757 527
28 2757
1569 28
1664 1569
1945 1664
1922 1945
1725 1922
1734 1725
56 1734
2360 56
2429 2360
1963 2429
412 1963
1906 412
1155 1906
1988 1155
1258 1988
1123 1258
1286 1123
1724 1286
1524 1724
748 1524
611 748
2243 611
2814 2243
2979 2814
1054 2979
1531 1054
685 1531
1484 685
661 1484
1043 661
2762 1043
2660 2762
148 2660
421 148
807 421
257 807
2181 257
1969 2181
464 1969
767 464
1373 767
1487 1373
2900 1487
84 2900
1596 84
1852 1596
829 1852
1409 829
2797 1409
2710 2797
1733 2710
2919 1733
303 2919
1685 303
745 1685
2006 745
436 2006
2552 436
607 2552
87 607
2940 87
996 2940
2893 996
2178 2893
310 2178
1659 310
1547 1659
897 1547
337 897
2351 337
2444 2351
1613 2444
376 1613
1543 376
65 1543
2227 65
2950 2227
1203 2950
1217 1203
1646 1217
1360 1646
2355 1360
430 2355
1537 430
359 1537
1413 359
1708 1413
2247 1708
1656 2247
85 1656
1404 85
536 1404
2796 536
1602 2796
1980 1602
1086 1980
2073 1086
168 2073
618 168
1939 618
1075 1939
2934 1075
2599 2934
1773 2599
2841 1773
883 2841
1458 883
1264 1458
1816 1264
2964 1816
1992 2964
1049 1992
1252 1049
2285 1252
969 2285
2726 969
1115 2726
2904 1115
983 2904
2545 983
2005 2545
1858 2005
2892 1858
2923 2892
2323 2923
2932 2323
2754 2932
321 2754
2287 321
1259 2287
1091 1259
1100 1091
710 1100
947 710
2733 947
1973 2733
570 1973
1872 570
221 1872
1575 221
242 1575
1387 242
615 1387
182 615
1700 182
985 1700
1812 985
193 1812
1081 193
1544 1081
1642 1544
308 1642
2518 308
2435 2518
2432 2435
2678 2432
2309 2678
592 2309
2947 592
1392 2947
2215 1392
1740 2215
1296 1740
904 1296
375 904
1788 375
2580 1788
174 2580
773 174
658 773
953 658
47 953
2912 47
2611 2912
2176 2611
619 2176
1363 619
196 1363
260 196
141 260
2724 141
109 2724
491 109
1790 491
1704 1790
1759 1704
2426 1759
2003 2426
1955 2003
2378 1955
2219 2378
1010 2219
2948 1010
1094 2948
2534 1094
2402 2534
2595 2402
1532 2595
861 1532
966 861
930 966
1393 930
35 1393
2941 35
2503 2941
872 2503
1741 872
2777 1741
2026 2777
923 2026
1024 923
2060 1024
2501 2060
2094 2501
2604 2094
796 2604
2928 796
2862 2928
770 2862
2810 770
1486 2810
945 1486
204 945
843 204
2157 843
997 2157
787 997
274 787
1374 274
89 1374
879 89
2125 879
2437 2125
2100 2437
2792 2100
2035 2792
1706 2035
2982 1706
2230 2982
108 2230
105 108
2341 105
1174 2341
224 1174
1187 224
2301 1187
478 2301
1823 478
494 1823
1027 494
2571 1027
731 2571
2388 731
998 2388
1757 998
2671 1757
2203 2671
297 2203
1819 297
2265 1819
1802 2265
2324 1802
2052 2324
468 2052
1457 468
497 1457
1104 497
1324 1104
2029 1324
2080 2029
1033 2080
328 1033
1165 328
870 1165
2877 870
1233 2877
2253 1233
670 2253
2386 670
2294 2386
2092 2294
1200 2092
623 1200
401 623
353 401
445 353
1885 445
631 1885
44 631
1785 44
2755 1785
2890 2755
411 2890
2542 411
2330 2542
63 2330
1690 63
20 1690
2403 20
1001 2403
982 1001
651 982
2933 651
96 2933
2574 96
1663 2574
847 1663
581 847
2805 581
633 2805
2192 633
701 2192
1300 701
2077 1300
1000 2077
2507 1000
2598 2507
2625 2598
1284 2625
1723 1284
1959 1723
1051 1959
1801 1051
726 1801
2945 726
1884 2945
1862 1884
526 1862
2280 526
2374 2280
653 2374
2044 653
1153 2044
2692 1153
1640 2692
1133 1640
462 1133
336 462
2274 336
613 2274
2727 613
2067 2727
800 2067
2836 800
2845 2836
