200
-807 587 6
577 816 1
823 567 16
-555 830 11
-822 567 7
556 830 9
837 546 19
-836 546 1
850 525 4
-513 857 19
-849 525 3
514 857 11
863 503 12
-491 869 9
-862 503 4
492 869 5
875 481 16
-469 881 6
-874 481 15
470 881 11
887 459 12
-447 893 10
-886 459 19
448 893 6
899 437 7
-424 904 17
-898 437 7
425 904 5
909 414 14
-402 914 2
-908 414 19
403 914 19
919 391 10
-378 924 18
-918 391 9
379 924 18
929 368 19
-355 933 20
-928 368 13
356 933 4
938 344 16
-331 942 3
-937 344 12
332 942 11
946 321 17
-308 950 6
-945 321 17
309 950 6
954 297 15
-284 958 14
-953 297 5
285 958 17
961 273 9
-960 273 10
968 248 6
-235 971 7
-967 248 5
236 971 20
974 224 11
-211 976 17
-973 224 6
212 976 6
979 200 8
-186 981 19
-978 200 4
187 981 3
984 175 13
-161 986 12
-983 175 10
162 986 14
988 150 3
-987 150 16
991 125 11
-112 993 17
-990 125 1
113 993 10
994 100 9
-87 995 2
-993 100 18
88 995 5
996 75 19
-62 997 12
-995 75 5
63 997 18
998 50 15
-37 998 18
-997 50 19
38 998 1
999 25 10
-12 999 17
-998 25 16
13 999 15
999 0 13
-12 -998 13
-998 0 1
13 -998 5
999 -24 15
-37 -997 13
-998 -24 5
38 -997 7
998 -49 11
-62 -996 3
-997 -49 4
63 -996 12
996 -74 11
-87 -994 4
-995 -74 9
88 -994 9
994 -99 7
-112 -992 3
-993 -99 15
113 -992 20
991 -124 19
984 -174 5
187 -980 12
979 -199 16
212 -975 15
974 -223 17
-235 -970 9
-973 -223 4
236 -970 5
968 -247 8
961 -272 10
285 -957 7
954 -296 1
309 -949 16
946 -320 2
-331 -941 19
-945 -320 13
332 -941 5
938 -343 10
-355 -932 14
-937 -343 14
356 -932 5
929 -367 11
-378 -923 1
-928 -367 9
379 -923 3
919 -390 3
-402 -913 9
-918 -390 18
403 -913 6
909 -413 20
-424 -903 9
-908 -413 18
425 -903 6
899 -436 19
470 -880 9
875 -480 20
-491 -868 12
-874 -480 3
492 -868 10
863 -502 9
-513 -856 1
-862 -502 2
514 -856 6
850 -524 15
-849 -524 8
837 -545 12
-555 -829 18
-836 -545 17
556 -829 12
823 -566 20
-576 -815 4
-822 -566 19
577 -815 17
597 -800 15
793 -606 16
-792 -606 10
617 -785 19
778 -626 14
-636 -769 4
-777 -626 4
637 -769 18
762 -645 2
-761 -645 7
745 -664 1
711 702 5
-710 702 7
693 720 8
728 684 12
-674 737 16
-727 684 3
675 737 10
745 665 15
-744 665 8
762 646 18
-636 770 20
-761 646 16
637 770 10
778 627 9
-616 786 18
-777 627 2
617 786 19
793 607 5
-596 801 4
-792 607 5
597 801 9
808 587 11
-576 816 17
