10 2000
887 84
1916 78
2336 94
493 87
422 50
1028 63
2060 91
2927 64
427 41
737 73
884 2253
2834 2998
1975 1981
1801 2208
1364 1952
2223 2476
2713 2978
2599 2641
832 1697
1473 2132
1414 2336
1012 2532
657 2417
1583 2559
1265 2466
2061 2876
2729 2755
2422 2548
2813 2830
2741 2878
930 2236
126 1270
1287 2361
520 1050
1323 1623
1790 2956
1960 2106
2336 2840
8 2981
1311 1578
1642 2339
421 2241
552 2905
1360 2492
636 1844
2827 2977
1350 2569
494 2309
534 607
41 2075
1291 2771
2878 2945
1202 1838
1154 2749
990 2653
2482 2827
2407 2428
573 2675
2316 2826
2894 2950
1318 2918
2802 2960
2245 2882
590 1586
2595 2663
1206 2213
2030 2534
708 2346
1155 1329
2727 2922
897 1066
1347 2172
1682 2592
1547 2755
852 2112
2235 2590
735 1164
124 830
1904 2644
2329 2862
914 1217
1956 2565
2903 2950
1461 2537
1525 2365
1489 1648
2967 2979
1010 1962
41 2354
2647 2782
569 1140
1348 2545
491 852
2568 2594
1754 2828
2179 2910
717 1937
2182 2283
798 1678
1249 2318
117 2138
1314 2558
2144 2675
19 1568
1451 2912
1362 2641
1119 1318
1608 1933
751 2226
575 1984
2643 2685
458 494
2173 2296
550 840
1568 1883
1864 2187
2392 2985
1338 1996
358 1843
2006 2478
2308 2749
398 770
2648 2793
1607 2209
2751 2777
1189 2348
220 1471
1039 1467
2571 2691
648 1867
2958 2970
2393 2620
546 1821
458 2108
374 2091
2281 2814
2401 2432
2678 2955
2969 2972
2019 2352
1751 2834
401 988
1425 2464
2647 2727
2598 2675
1706 2434
663 2224
1478 2924
117 1890
396 2689
969 2862
2741 2870
641 1684
1990 2797
276 2755
2900 2913
2501 2743
1853 2743
1311 2877
209 2553
1366 2670
1322 2591
1299 1568
2807 2958
1305 2340
1475 1637
1165 1588
928 2629
1492 2423
1985 2959
2211 2597
1649 2000
1757 2063
925 2110
288 2773
548 1563
1332 2374
253 1397
2953 2982
617 665
1549 1764
1816 1975
1164 2554
1090 2007
947 2226
2707 2729
1531 2387
156 1281
144 224
1641 1673
1783 1942
370 2046
628 2060
1032 1166
253 751
1409 2309
311 2183
1086 1347
2539 2770
2415 2869
1820 2610
214 2851
51 1600
1925 2284
1020 2949
1910 2344
2325 2874
1204 2575
757 1900
1819 2926
454 2031
2810 2848
24 2375
1810 2744
1356 2766
2618 2817
2918 2976
1813 2169
2771 2901
2733 2911
2588 2913
1880 2602
493 1915
1437 2591
604 2053
2258 2471
54 1072
1392 2780
2535 2943
924 1948
2712 2946
2353 2563
1659 1755
2170 2545
189 1803
507 2839
1831 2948
1261 2273
755 2750
1857 2144
2523 2948
701 2980
2755 3000
939 1622
580 2676
1467 1606
690 1001
2492 2841
271 395
349 1346
1850 2893
2806 2984
1527 1860
1289 2159
335 1436
1925 2643
2547 2620
719 1402
4 2750
1592 1737
1805 2019
445 2597
2164 2439
1413 1843
1170 2613
750 2030
902 1777
272 2883
1193 2232
2996 2998
1277 2786
955 2967
2832 2876
1411 2006
1616 2896
1274 1324
2633 2877
2485 2487
1225 1659
2088 2201
2230 2607
271 2191
1679 2090
846 893
1672 1974
2255 2850
1049 1687
344 1336
170 1419
287 689
1329 1583
1777 2318
1563 2561
2329 2917
17 1941
1753 2086
1256 2261
663 2619
850 2032
2377 2905
636 1424
2041 2685
129 1631
2135 2950
2425 2473
1653 2921
552 759
1 401
2548 2964
1473 1902
2032 2436
96 2912
1819 2080
1079 2761
552 2631
1760 2886
374 1057
2442 2711
1472 2860
370 1845
570 1241
2935 2937
2023 2614
1521 2713
1835 2166
2420 2785
2789 2866
2011 2133
1559 1773
847 1348
1831 2740
298 1819
2979 2982
2277 2845
2603 2804
633 1797
1240 2616
2579 2903
1359 2615
1405 2959
665 1943
632 815
2911 2937
1633 2186
1018 2440
581 1618
373 493
339 1807
189 2568
88 184
547 2228
2535 2748
858 2202
1621 2856
2785 2827
1980 2124
422 2405
905 1337
1826 2983
89 1567
303 1467
2692 2763
1118 2859
597 1045
931 1866
1954 2286
974 2978
2834 2971
174 2082
618 1893
1052 1988
410 1311
496 1243
1377 2782
422 2222
450 2011
420 1956
970 1979
1457 2227
700 797
1821 2821
436 1789
2427 2580
2911 2931
2581 2711
845 2931
2698 2842
1676 2959
853 2687
800 2523
2804 2993
285 2776
2676 2885
1332 2512
2391 2443
1806 2465
2969 2997
1008 2884
367 2436
282 1329
2304 2995
1865 2391
666 2994
2195 2828
1880 2297
2364 2759
2529 2723
193 1823
473 851
1623 2010
126 2305
1077 2782
526 1559
2061 2551
859 1225
2125 2547
1755 2145
2165 2321
1103 2546
510 580
926 1791
1237 2621
807 2207
2230 2670
810 2678
2429 2706
2567 2761
2315 2748
2160 2716
2271 2438
2004 2843
182 920
1957 2406
2750 2932
1993 2080
2612 2998
134 1174
2944 3000
1849 2827
505 2043
28 2700
1878 2459
1724 2694
2259 2966
2140 2409
903 935
2496 2522
2759 2851
1716 2358
1084 1176
1054 1815
199 2086
1116 2477
1698 2542
602 2625
2193 2579
422 1410
1081 2395
1835 1931
1315 1611
155 1830
1690 1921
2871 2995
2389 2435
2243 2620
153 2557
2455 2676
1055 1536
64 2635
107 1034
240 1083
866 1729
1656 2242
2377 2700
571 796
1037 2126
2479 2869
1660 2639
746 2457
1794 1918
1094 2237
2856 2993
583 633
690 2460
663 803
883 1406
2666 2672
1134 2163
1979 2390
1384 2150
2487 2546
2844 2993
1718 2870
2172 2326
2124 2645
738 2816
1199 2208
2051 2078
2789 3000
1998 2856
108 1631
925 1910
2913 2976
2381 2997
854 1632
1012 1733
1471 2034
163 2176
646 2677
939 2881
1586 2944
1273 1915
1841 2605
1137 1184
2635 2978
1653 2799
1301 1412
802 2389
1206 1455
2677 2954
2233 2801
1970 2542
1545 2828
893 1474
1037 1407
245 2687
79 1518
1978 2172
1412 2911
1834 2342
1535 1747
361 2493
1349 1389
2334 2715
916 2429
2898 2993
986 1615
853 2638
2285 2715
1291 2119
148 2806
1231 1388
2623 2762
430 1924
1609 2135
1652 1880
2750 2814
1264 1295
2746 2894
1939 2145
2180 2257
2096 2606
277 1920
2266 2347
1264 1549
2454 2998
377 1629
1207 2848
465 600
605 1065
2185 2935
502 2856
841 1327
2604 2895
219 2587
2533 2991
2951 2968
849 1031
2862 2890
2359 2520
1956 2513
2108 2366
784 2293
618 711
1522 2510
1606 2251
1765 2563
927 1148
443 1053
1477 1973
360 1798
1345 2869
925 2079
109 379
1879 2842
1484 1629
1282 1309
1454 2466
479 1816
1599 2033
1579 1792
993 1510
598 2541
1234 1356
2021 2384
1701 1724
292 2858
2262 2428
1811 2622
1573 2039
1839 2804
1525 2346
1935 2218
1756 2948
336 2896
984 1700
1845 2404
544 947
467 860
1767 1862
1059 2113
154 2498
86 1058
2136 2634
73 1438
871 1728
2051 2397
2887 2955
1945 2086
2969 2979
1569 1755
766 912
2500 2788
2426 2472
1371 2990
2025 2095
1232 1572
1635 2159
1165 1859
2783 2960
2765 2925
2718 2944
2621 2815
2373 2523
2534 2966
1703 2902
2866 2953
1087 2621
777 2365
1904 2737
2990 2992
2433 2940
964 2261
825 1722
125 1356
2936 2988
834 1369
1276 1284
1831 2136
1591 2577
2562 2890
2038 2655
2761 2893
81 2782
637 774
542 2935
2484 2769
135 531
1042 1309
862 2871
1139 1189
626 2043
23 514
712 2290
2121 2898
1503 1884
2167 2815
1112 1943
665 831
2037 2235
2747 2760
1499 2963
2552 2918
2250 2673
2163 2434
1331 2362
480 733
559 2477
2143 2713
2355 2797
144 2459
1233 1238
1399 2797
2523 2895
108 1492
2935 2986
2423 2999
2942 2960
2638 2660
2140 2252
590 724
1674 2062
1997 2117
1572 2941
1359 2817
1976 2294
71 2645
2097 2470
2124 2988
1819 2736
2751 2768
1656 1743
1045 2355
2435 2585
792 2971
2054 2411
1616 1918
736 1269
817 1042
1324 2477
2805 2931
1962 2154
1794 2111
1345 1687
964 2491
1434 1549
2774 2878
2889 2914
2973 2976
2786 2991
470 1724
1717 2968
2139 2454
2268 2968
2616 2742
416 739
2177 2372
2296 2827
436 1638
1459 2447
1661 2750
1685 2492
2553 2875
2253 2825
469 1414
1577 1923
2165 2762
2593 2791
2316 2548
830 1889
2024 2955
2638 2943
622 2077
29 2076
2147 2633
312 2379
2665 2720
2243 2646
1855 2851
31 1355
1821 1843
2831 2916
186 1185
1860 2307
857 1129
1005 2796
934 1622
653 2703
863 1234
468 2531
2169 2219
2103 2270
1061 1964
624 1689
1127 2963
1810 2704
546 1715
504 1663
637 967
2802 3000
338 1526
2658 2928
1021 2278
2396 2439
2278 2640
179 2468
214 2467
2851 2931
627 2201
2045 2095
2413 2439
2557 2743
782 2825
260 2754
710 2951
1196 1315
440 1764
1889 2186
736 2649
1629 2895
720 1301
1031 1210
2373 2888
63 2613
928 1211
1323 2304
2962 2984
2870 2993
2226 2833
1732 2691
1478 2620
553 1130
352 2161
1663 2235
2012 2780
2386 2994
1669 2919
235 1462
2585 2757
2326 2943
689 1688
425 744
2814 2971
965 1379
426 2211
2831 2928
909 2548
2105 2921
1111 2922
1919 2509
1915 2781
2424 2570
8 665
1625 1919
1240 1615
2676 2681
2885 2899
2150 2852
396 1058
2595 2881
1097 2033
2294 2962
1095 1118
1122 2875
1738 1752
613 2643
2631 2807
2522 2586
2265 2933
1802 2231
1669 2593
719 787
2863 2876
824 995
2553 2904
651 2607
2415 2443
2226 2918
2630 2816
1001 1412
1674 1975
2877 2908
1221 1707
2228 2648
119 2404
2276 2979
793 2860
1627 2250
2433 2464
487 1413
726 2033
922 923
2367 2630
651 2104
1781 2044
1222 2630
2836 2868
45 429
70 1271
2828 2955
303 2597
1975 2386
1670 2777
37 2368
2622 2927
1376 1972
2945 2954
1774 2299
731 2264
2166 2183
2361 2527
2536 2582
1057 2253
1540 2394
1852 1998
2599 2723
1758 1955
2820 2981
1746 2810
2817 2865
1665 2892
1287 2829
1775 2368
1778 1802
2485 2952
2872 2983
902 2273
615 1671
274 549
2656 2680
93 873
851 1142
2115 2793
565 2253
1813 2671
515 729
2859 2989
373 1740
1862 2215
711 1746
1380 2414
1050 2916
1277 1877
811 1604
389 2494
247 2880
2722 2892
617 1783
54 1497
983 2702
2847 2851
629 1048
1585 2694
912 1899
1437 1441
1365 2873
490 947
1668 2683
2363 2645
1602 2261
2516 2937
232 2574
1231 2356
646 2760
315 919
1436 2612
1412 2911
1154 2359
1351 2990
1728 2558
1972 2140
2174 2571
792 998
2513 2875
2892 2997
1191 2346
2534 2574
2932 2967
557 1035
1620 2164
492 1517
604 723
407 2774
1899 2009
394 2904
1116 2491
2005 2344
1399 2081
703 1458
2951 2997
1598 2970
1289 2170
851 2847
1467 2548
1369 1919
1848 2452
2714 2783
764 2483
781 1828
163 607
1576 2929
1825 2638
2853 2972
378 2297
2421 2788
722 2831
1043 2297
7 695
2801 2835
2870 2970
1131 1527
1316 1561
741 2509
2250 2409
1314 2586
2695 2792
262 2126
1755 2786
30 1423
242 530
2033 2832
1325 1615
2543 2952
254 2472
1089 1584
1799 1963
1412 1822
2635 2847
1766 2924
674 912
2155 2403
1254 1806
1460 2917
2102 2220
1712 2824
510 1387
1162 2384
2105 2597
1450 2536
1334 2090
2052 2336
1329 1611
2818 2871
903 1121
1136 1771
2948 2960
231 2445
992 1420
2496 2843
2749 2841
293 1403
239 372
378 2610
2158 2404
2558 2913
2650 2848
196 1461
360 557
230 2392
2883 2958
1124 2385
2940 2963
605 1563
2614 2903
597 2537
879 1712
907 1036
629 767
32 1208
1396 2419
2849 2969
2484 2805
311 1481
1343 1894
677 2577
190 675
629 649
1439 2122
2347 2699
904 2629
1701 1795
403 2606
2470 2681
891 2247
389 1895
1661 2425
2903 2923
1567 2999
1845 2630
2039 2155
2421 2753
2607 2853
644 2639
2567 2570
385 2696
2504 2561
538 1950
2978 2983
2223 2276
2079 2229
2726 2957
1134 2810
2741 2865
1129 1341
2609 2777
1108 1904
1966 2086
365 2687
48 1768
2170 2671
1687 2135
2088 2416
1152 2793
1803 1890
2507 2793
2556 2857
2478 2836
149 1487
1675 2417
806 1024
1015 1706
1600 1655
2199 2271
876 2287
182 213
2249 2978
1291 1654
2378 2602
2974 2999
1102 1549
2920 2924
1 2399
2632 2634
1618 2380
2281 2626
876 1166
907 1069
1561 2329
1011 2578
638 1751
768 940
1345 2259
2509 2906
2785 2892
2761 2964
251 2251
2829 2977
365 2654
1255 2201
2053 2092
2690 2772
831 2662
261 2462
275 2861
1399 2027
748 978
2084 2385
795 2547
672 2275
2361 2737
2751 2897
1399 1675
2432 2900
1612 1646
2031 2978
2507 2798
1449 1749
176 791
2300 2447
1265 2771
1361 2185
1150 2251
676 1014
323 878
809 2347
1351 2278
1866 2231
2710 2735
1084 1087
1556 1595
1557 2393
1408 2110
972 2865
1 273
2032 2566
2255 2795
1563 1807
409 1623
1919 2554
1441 1598
2985 2994
1572 2492
2112 2509
1007 2604
2174 2205
1596 2905
1911 2309
2022 2348
2871 2923
1440 2365
1572 1702
1867 2643
671 1611
229 303
1291 1923
603 2774
2746 2849
1414 1719
28 2471
340 1664
268 2552
2503 2567
225 1437
348 1741
118 1708
1570 2472
768 2079
1395 1588
2711 2981
2314 2713
1579 1613
2278 2978
1662 2982
1469 2162
2682 2692
463 486
2028 2480
415 1301
1062 1186
1919 2888
2119 2267
2439 2622
925 2851
897 1744
744 2957
2922 2994
2697 2709
1932 2062
2463 2706
2620 2675
494 1117
382 2383
2618 2680
1345 1554
1128 2828
1430 2417
2037 2965
1419 1624
2988 2990
1882 2076
2096 2785
2624 2915
2291 2903
1439 2223
1957 2586
2185 2415
712 782
259 1597
2932 2944
581 2078
1867 2961
2592 2991
2449 2775
2151 2311
2897 2929
2740 2826
2408 2808
2072 2411
922 1719
25 843
2425 2884
1900 2583
1347 1901
38 898
2047 2596
625 2431
2198 2498
1388 2281
2512 2735
656 1308
1143 1445
2688 2770
1047 2324
1821 2739
128 2363
1417 2084
625 1867
2689 2916
761 1053
2821 2952
1629 2988
2006 2395
1947 2049
2044 2527
2218 2717
440 2743
97 891
483 2789
1458 1719
2681 2703
719 1192
1138 1686
986 2759
1171 2271
124 1395
1125 1683
1008 1236
435 1427
1811 2604
2269 2414
2178 2614
2246 2681
1121 2693
2987 2991
317 2225
1164 2107
338 2286
1948 2668
984 2640
2640 2926
681 2780
715 2525
468 1892
1213 2271
628 2879
2877 2921
1476 1957
366 1469
137 900
2176 2857
2592 2699
2343 2530
498 2779
823 2075
2695 2710
874 2650
800 2855
350 1729
1023 2920
1830 2541
1616 2352
2740 2923
402 646
2688 2721
30 1809
1847 2554
1775 2738
836 1732
767 1440
2038 2194
2977 2994
410 999
1071 1931
2043 2305
1892 1932
2028 2731
2151 2852
1885 2570
1874 2030
2660 2999
9 233
2809 2960
983 2630
2340 2700
159 2283
1782 2891
861 2875
913 1561
1236 1898
2309 2536
1685 2667
207 2338
105 1882
2958 2971
235 1029
452 2658
697 2090
1596 1815
476 2035
2999 3000
1885 2762
2056 2744
2258 2437
1247 1307
2495 2763
192 1085
178 2582
302 2778
2059 2337
117 459
1165 2964
822 1387
1685 1758
1826 1970
1639 2324
2365 2578
1891 2714
1554 2461
2675 2962
1213 1885
2926 2988
351 1980
88 2918
2956 2979
2198 2355
2726 2740
1496 2622
509 1440
2965 2986
627 2501
730 2237
1699 2146
1413 2943
341 1613
1339 2314
1543 1937
1244 2674
940 1580
2117 2517
49 1049
539 806
2962 2980
1608 1842
501 2979
2376 2916
2748 2850
2404 2778
2297 2463
2986 2997
190 300
2477 2548
2161 2439
197 614
2907 2986
2282 2737
199 2566
1016 1718
1427 2193
203 1773
2482 2518
55 1353
969 1603
1963 2701
2845 2878
1190 1325
1560 2142
1337 1513
2243 2965
2107 2498
418 2866
2106 2979
782 2972
348 2767
1031 1269
1135 1736
128 491
1029 2701
218 1821
2648 2687
227 1517
1382 1392
1075 1463
2077 2289
824 2049
753 1886
860 1763
1428 2574
2552 2695
2134 2189
2325 2588
1096 2695
1029 2354
121 1152
401 740
2594 2810
1891 2653
1983 2244
266 1275
2853 2938
531 1735
1901 2608
36 1477
1316 2700
390 1258
1456 2086
2003 2984
454 2313
1246 2584
849 1220
1627 1900
1844 2164
2703 2922
1339 1864
173 2188
2343 2977
1368 2983
378 584
2858 2869
2276 2726
1713 2477
2962 2963
1568 2190
319 861
560 2128
1031 1830
2894 2975
560 2734
701 1253
2138 2604
1375 2225
2861 2945
1011 1287
718 855
218 1465
2401 2502
2011 2430
2218 2815
2350 2566
2963 2975
275 362
1667 2536
868 2621
2337 2645
2410 2852
2012 2422
2527 2539
100 888
399 2508
2691 2996
2095 2658
403 1489
2741 2750
1256 1847
1728 2561
1573 1577
2212 2215
27 2234
323 2491
1218 1610
410 479
90 1785
1675 2239
1759 2134
2290 2795
2259 2763
1828 1922
2062 2558
568 2903
232 1586
2821 2854
2153 2321
2900 2951
398 2903
2829 2883
1241 1908
2701 2764
1461 2625
2803 2937
1734 2862
1241 2894
50 2466
1941 2616
2922 2957
1999 2067
1375 1459
2814 2921
853 1242
2707 2945
1223 1653
721 1779
2346 2782
2079 2845
84 1095
2311 2767
547 1216
2382 2931
1905 2126
563 2278
2116 2885
2838 2977
1381 2959
2304 2764
653 1776
54 2014
1119 1261
2623 2992
767 1152
2556 2859
1870 2588
954 2921
1990 2715
2582 2858
2943 2970
2293 2805
2705 2931
2121 2276
70 2081
1604 2995
7 214
882 1245
2001 2826
1160 1589
493 2937
1904 2886
440 1270
1349 2493
1478 1728
1609 2022
646 2327
1765 2898
2604 2901
2721 2991
596 2239
2965 2987
838 1894
2583 2909
923 2101
2177 2558
1030 1149
348 2390
2223 2694
898 965
2197 2567
1692 2971
1266 2502
1478 2937
914 1551
115 1568
380 1192
1683 2197
1783 2707
626 2007
295 1890
1976 2581
2169 2459
2793 2984
590 2945
1664 2299
2769 2898
914 1325
385 2652
1475 2762
161 2402
2378 2952
1240 2004
1327 2579
613 2480
584 1780
41 2555
517 2989
1882 2956
174 1765
573 2910
543 1822
1764 2981
947 2857
418 2815
18 1619
2296 2671
688 2846
457 2736
129 2976
537 1419
1546 2425
271 352
2358 2881
1944 2378
1194 1270
2653 2867
1143 1186
2762 2820
137 2679
1510 2404
328 384
2549 2750
912 2995
2599 2615
645 751
37 2543
284 1820
824 1594
2029 2714
458 2858
569 2132
244 1417
1100 2426
371 428
2755 2766
2675 2831
2257 2389
668 2150
1800 2240
1209 2912
2973 2977
1205 2101
2837 2928
2469 2643
82 1807
375 953
2608 2992
1932 2270
195 2115
230 2820
2469 2564
1318 1601
1699 2513
1895 2395
538 2467
2513 2551
2635 2782
2053 2064
2317 2706
2624 2865
2733 2806
2620 2657
1903 2641
1335 1434
2140 2963
333 1912
2324 2859
1621 2993
637 2357
2806 2816
1905 2579
1685 2874
2608 2766
584 2137
1830 2900
2609 2949
1492 2306
2190 2737
353 417
2063 2857
1660 1947
2387 2685
1046 1964
293 2795
1523 2830
1142 2907
1989 2632
2824 2942
135 140
1808 2698
187 2220
1812 2269
218 1741
1644 2253
2813 2980
1347 2807
1387 1818
743 753
1741 1969
686 1211
706 1734
1549 1646
2938 2959
2577 2856
67 1917
322 2002
2372 2507
216 2223
2707 2939
1444 2498
2136 2475
564 2362
1810 2075
1242 2367
1913 2447
1672 2728
2040 2669
2312 2793
1164 1746
1622 2954
1559 1715
2767 2996
648 2219
1806 2903
1413 1931
1160 1392
2612 2650
2358 2732
2601 2687
2829 2965
2097 2298
2417 2425
1292 2932
2686 2813
190 2113
257 1810
1536 2599
2250 2520
2578 2998
824 2265
878 2186
2825 2827
1564 1652
2767 2866
639 2824
2249 2554
1954 2291
1729 2198
2965 2983
2273 2566
1008 2531
1474 2764
839 2789
14 1521
1351 2232
2693 2822
677 752
2288 2855
2558 2577
1690 2480
2509 2962
2503 2913
890 2413
2994 2998
933 2642
2295 2782
1797 1922
2770 2817
1064 1461
1338 2449
1476 1779
2928 2981
1834 2147
2678 2987
2128 2297
2874 2947
593 838
101 1031
181 1608
624 1746
648 2594
2625 2691
259 2174
1650 2423
1749 2373
2021 2645
2303 2686
663 687
2022 2357
815 2331
1710 2595
1073 1201
2637 2848
2070 2834
838 2117
2216 2958
898 1475
500 1081
2521 2886
2048 2773
1708 1813
2780 2892
2589 2794
435 2761
784 1690
2331 2358
1509 2632
1367 2876
2861 2912
2248 2469
2701 2934
1755 2703
1591 2128
1325 1427
976 2949
668 765
1012 1437
1980 2103
2176 2827
1782 1918
1520 2926
310 2883
2802 2875
2459 2718
1683 2524
2934 2944
1457 1986
268 1195
2229 2278
732 741
1535 1853
2459 2845
1418 2275
2718 2802
425 1319
124 2196
2185 2332
258 1503
394 681
1222 1976
1423 2594
1746 2781
1131 2074
2499 2925
177 2582
1421 2014
2914 2937
830 2292
604 1160
211 1391
2904 2962
1257 1678
2052 2612
648 2397
2515 2721
1523 2693
1311 1874
2104 2761
568 1506
657 962
119 710
742 1946
2956 2980
1365 2564
1689 1720
1159 2530
195 2192
254 1606
501 2618
2978 2998
2770 2837
2240 2655
55 1606
93 1667
2517 2606
938 1596
2826 2985
2667 2687
2820 2978
2913 2960
2178 2220
2673 2992
1774 2847
1190 1653
2113 2368
576 1210
2668 2852
1249 2515
2444 2662
1202 2017
376 2741
1596 1625
2103 2104
2554 2628
1866 2056
1288 2469
1826 2288
2987 2996
460 2985
2444 2756
2345 2933
2741 2894
2835 2876
2592 2968
1902 2615
2526 2901
2932 2980
2049 2579
1957 1979
1814 2357
2356 2999
1438 2747
635 2824
2637 2707
887 2671
237 2966
388 1371
1816 2391
539 2599
2073 2969
2202 2386
1288 1637
579 2912
2026 2132
225 993
2928 2994
513 2956
334 2948
1076 2594
97 2528
1624 1944
480 2561
1596 2360
1804 2789
1989 2153
2859 2919
334 1175
1181 1869
2768 2833
1732 2309
618 2194
860 2048
1312 1699
1848 2604
2020 2429
921 1000
563 1085
940 1142
267 2089
2578 2742
193 1911
17 738
1870 2027
1437 1799
2689 2690
2917 2942
114 1831
2722 2900
1540 1847
384 1385
85 1542
2489 2737
2275 2454
1092 1394
2744 2873
1368 1880
1393 1858
1747 1802
2582 2769
188 2202
1637 2675
2578 2666
2166 2463
1461 2590
441 591
837 2958
1433 1640
2457 2763
327 2558
2821 2994
2504 2634
7 2074
2573 2952
2445 2956
222 2455
2712 2737
1022 2953
