500
150 211 460 215 476 302 275 10 10 351
5100
1 493
2 360
2 429
4 98
6 455
7 437
8 172
9 18
10 273
14 455
18 421
18 441
20 9
21 64
21 75
23 95
26 466
28 292
29 393
31 5
34 94
37 378
39 223
39 325
41 69
41 323
44 195
44 211
46 322
49 463
52 98
55 331
56 280
57 198
58 118
61 79
63 90
63 439
64 112
64 330
65 109
67 339
67 486
68 148
68 349
69 124
70 160
70 335
70 432
71 18
71 29
71 60
71 362
71 469
72 5
72 31
72 37
72 176
72 285
72 497
73 63
73 67
73 118
73 245
73 447
74 22
74 81
74 233
74 285
74 353
74 383
74 489
75 33
75 67
75 109
75 169
75 389
76 19
76 126
76 187
76 227
76 256
76 288
76 319
76 368
76 425
76 454
76 464
76 465
76 480
76 481
77 21
77 25
77 41
77 89
77 221
77 225
77 269
77 312
77 447
77 460
77 467
78 6
78 53
78 111
78 140
78 151
78 176
78 181
78 196
78 200
78 209
78 223
78 248
78 266
78 293
78 329
78 395
78 402
79 3
79 56
79 139
79 172
79 196
79 207
79 246
79 286
79 352
79 425
80 43
80 73
80 125
80 133
80 177
80 196
80 278
80 293
80 326
80 327
80 331
80 482
80 483
81 3
81 26
81 65
81 110
81 145
81 261
81 268
81 286
81 307
81 309
81 329
81 333
81 350
81 366
81 367
81 434
81 445
81 461
81 482
82 13
82 29
82 54
82 78
82 131
82 245
82 271
82 345
82 347
82 349
82 379
82 412
82 425
82 465
83 7
83 10
83 12
83 37
83 58
83 94
83 107
83 124
83 125
83 155
83 170
83 181
83 184
83 199
83 231
83 256
83 315
83 368
83 384
83 388
83 398
83 399
83 431
83 467
84 15
84 23
84 58
84 60
84 69
84 71
84 120
84 138
84 244
84 249
84 278
84 474
84 500
85 8
85 28
85 47
85 71
85 90
85 111
85 132
85 154
85 160
85 195
85 197
85 199
85 212
85 213
85 338
85 362
85 390
85 398
85 450
85 462
85 463
85 494
86 38
86 40
86 70
86 91
86 101
86 179
86 239
86 257
86 267
86 325
86 459
86 478
87 43
87 45
87 131
87 205
87 223
87 253
87 269
87 343
87 347
87 364
87 395
87 399
87 405
87 429
87 445
88 11
88 26
88 42
88 113
88 147
88 149
88 304
88 315
88 345
88 368
88 389
88 397
88 450
88 456
88 485
88 487
89 40
89 51
89 134
89 141
89 151
89 176
89 199
89 247
89 248
89 250
89 257
89 264
89 289
89 293
89 303
89 341
89 351
89 380
89 402
89 416
89 426
89 447
89 459
89 460
89 498
90 28
90 44
90 67
90 119
90 234
90 283
90 297
90 312
90 330
90 338
90 403
90 444
90 457
90 469
91 51
91 61
91 65
91 117
91 130
91 131
91 139
91 191
91 201
91 205
91 209
91 227
91 287
91 289
91 304
91 307
91 311
91 318
91 323
91 363
91 394
91 412
91 423
91 444
91 448
91 452
91 473
91 493
92 13
92 14
92 24
92 81
92 109
92 146
92 181
92 218
92 219
92 243
92 245
92 274
92 346
92 375
92 470
92 476
93 9
93 49
93 50
93 90
93 117
93 133
93 146
93 195
93 206
93 219
93 236
93 267
93 279
93 293
93 302
93 324
93 343
93 398
93 415
93 441
93 483
94 41
94 109
94 171
94 235
94 276
94 294
94 464
95 11
95 12
95 19
95 27
95 45
95 60
95 115
95 129
95 139
95 158
95 168
95 173
95 206
95 240
95 293
95 297
95 307
95 335
95 366
95 373
95 379
95 380
95 387
95 393
95 419
95 430
95 437
95 446
95 491
96 4
96 71
96 78
96 132
96 140
96 144
96 173
96 193
96 195
96 238
96 247
96 250
96 266
96 298
96 349
96 426
96 444
96 483
97 46
97 66
97 146
97 190
97 196
97 204
97 213
97 227
97 245
97 258
97 318
97 333
97 335
97 422
97 432
97 442
97 456
97 467
97 472
97 485
97 495
98 30
98 100
98 107
98 134
98 138
98 151
98 185
98 208
98 230
98 236
98 249
98 285
98 295
98 301
98 350
98 362
98 366
98 388
98 389
98 408
98 432
98 486
99 18
99 41
99 98
99 113
99 115
99 116
99 150
99 183
99 219
99 227
99 233
99 247
99 250
99 254
99 269
99 287
99 288
99 333
99 335
99 338
99 343
99 353
99 377
99 380
99 421
99 422
99 424
99 434
99 450
99 451
99 484
100 24
100 137
100 154
100 179
100 218
100 220
100 252
100 314
100 315
100 326
100 328
100 337
100 344
100 364
100 365
100 373
100 378
100 383
100 413
100 424
100 430
100 482
101 20
101 91
101 117
101 122
101 137
101 193
101 244
101 263
101 284
101 318
101 334
101 340
101 352
101 361
101 368
101 383
101 398
101 411
101 462
101 468
101 469
101 490
101 496
101 497
102 9
102 50
102 72
102 114
102 152
102 169
102 198
102 209
102 234
102 275
102 285
102 302
102 328
102 332
102 350
102 392
102 409
102 431
102 496
103 10
103 18
103 35
103 46
103 52
103 65
103 74
103 84
103 129
103 140
103 147
103 157
103 158
103 159
103 167
103 204
103 207
103 223
103 230
103 232
103 322
103 332
103 356
103 386
103 401
103 430
103 434
103 443
104 22
104 23
104 34
104 70
104 72
104 80
104 117
104 178
104 188
104 202
104 220
104 290
104 292
104 293
104 300
104 310
104 316
104 337
104 353
104 369
104 419
104 442
104 463
104 472
104 476
104 478
105 24
105 39
105 74
105 105
105 129
105 132
105 170
105 212
105 235
105 304
105 338
105 361
105 415
105 478
106 12
106 49
106 70
106 99
106 136
106 171
106 178
106 181
106 225
106 236
106 238
106 265
106 283
106 344
106 356
106 419
106 446
106 473
106 487
106 493
106 494
107 5
107 19
107 39
107 48
107 68
107 95
107 104
107 138
107 154
107 173
107 193
107 258
107 271
107 299
107 317
107 402
107 441
107 462
107 475
107 488
107 495
108 10
108 12
108 25
108 49
108 58
108 63
108 71
108 97
108 110
108 142
108 153
108 157
108 175
108 213
108 214
108 224
108 229
108 233
108 238
108 263
108 297
108 298
108 304
108 314
108 321
108 334
108 362
108 365
108 388
108 418
108 424
108 426
108 478
109 22
109 38
109 50
109 91
109 179
109 202
109 210
109 214
109 219
109 233
109 243
109 251
109 259
109 263
109 285
109 328
109 349
109 350
109 369
109 393
109 413
109 417
109 420
109 440
109 472
109 485
110 2
110 4
110 22
110 58
110 66
110 92
110 107
110 116
110 137
110 181
110 225
110 230
110 304
110 328
110 445
110 464
110 475
110 482
110 493
111 39
111 50
111 69
111 70
111 83
111 129
111 163
111 166
111 212
111 226
111 227
111 251
111 283
111 296
111 311
111 318
111 327
111 348
111 359
111 369
111 376
111 389
111 397
111 405
111 435
111 462
111 470
111 479
111 481
112 8
112 35
112 61
112 65
112 83
112 96
112 103
112 132
112 141
112 156
112 162
112 180
112 207
112 214
112 223
112 254
112 261
112 278
112 285
112 335
112 338
112 371
112 412
112 425
112 455
112 461
112 467
112 476
113 1
113 41
113 48
113 51
113 52
113 75
113 88
113 98
113 101
113 122
113 131
113 138
113 145
113 180
113 209
113 213
113 250
113 370
113 394
113 405
113 408
113 410
113 428
113 442
113 491
114 10
114 11
114 26
114 40
114 78
114 88
114 117
114 122
114 133
114 170
114 180
114 183
114 184
114 189
114 206
114 227
114 228
114 237
114 256
114 259
114 289
114 333
114 351
114 396
114 397
114 407
114 436
114 454
114 474
114 476
114 479
114 499
115 1
115 4
115 59
115 84
115 128
115 130
115 138
115 154
115 158
115 167
115 176
115 199
115 242
115 244
115 263
115 286
115 298
115 322
115 336
115 346
115 357
115 375
115 384
115 386
115 402
115 405
115 428
115 438
115 477
115 489
116 20
116 28
116 32
116 35
116 67
116 72
116 76
116 84
116 100
116 122
116 126
116 147
116 165
116 200
116 211
116 230
116 232
116 287
116 319
116 331
116 340
116 363
116 374
116 378
116 426
116 436
116 452
116 456
116 481
116 489
117 6
117 12
117 16
117 56
117 57
117 71
117 98
117 129
117 141
117 150
117 151
117 164
117 175
117 236
117 299
117 331
117 377
117 401
117 404
117 416
117 424
117 438
117 451
118 14
118 29
118 31
118 88
118 92
118 123
118 149
118 151
118 154
118 159
118 162
118 166
118 193
118 203
118 224
118 226
118 230
118 241
118 251
118 255
118 277
118 318
118 326
118 353
118 371
118 376
118 391
118 397
118 433
118 463
118 474
118 487
118 495
118 499
119 16
119 21
119 30
119 32
119 75
119 93
119 108
119 140
119 141
119 168
119 170
119 190
119 207
119 220
119 228
119 260
119 264
119 300
119 301
119 342
119 344
119 348
119 357
119 369
119 457
119 472
119 478
119 480
119 484
119 492
120 5
120 35
120 40
120 41
120 45
120 67
120 84
120 85
120 103
120 139
120 152
120 178
120 183
120 193
120 238
120 251
120 275
120 346
120 350
120 360
120 367
120 375
120 378
120 383
120 387
120 400
120 412
120 452
120 454
121 5
121 46
121 113
121 177
121 190
121 216
121 222
121 243
121 261
121 300
121 305
121 330
121 334
121 347
121 361
121 362
121 403
121 404
121 437
122 58
122 65
122 66
122 75
122 77
122 94
122 109
122 131
122 143
122 149
122 231
122 242
122 272
122 273
122 304
122 305
122 321
122 391
122 425
122 446
122 462
122 477
123 6
123 20
123 26
123 31
123 111
123 120
123 134
123 142
123 174
123 232
123 236
123 251
123 278
123 291
123 307
123 311
123 315
123 324
123 331
123 336
123 379
123 380
123 394
123 396
123 416
123 422
123 456
123 468
124 34
124 52
124 62
124 105
124 114
124 135
124 168
124 196
124 197
124 206
124 216
124 219
124 226
124 235
124 263
124 270
124 271
124 277
124 316
124 341
124 347
124 351
124 381
124 402
124 404
124 413
124 418
124 428
124 430
124 444
124 450
124 458
124 470
124 495
125 28
125 31
125 51
125 56
125 70
125 142
125 168
125 186
125 197
125 211
125 218
125 295
125 297
125 298
125 316
125 336
125 347
125 357
125 403
125 405
125 420
125 429
125 463
125 466
125 492
125 496
126 25
126 33
126 41
126 46
126 56
126 58
126 73
126 96
126 116
126 137
126 143
126 166
126 188
126 190
126 191
126 196
126 198
126 201
126 214
126 225
126 264
126 271
126 303
126 308
126 311
126 340
126 349
126 355
126 372
126 403
126 411
126 445
126 447
126 449
126 457
126 474
127 15
127 26
127 47
127 57
127 73
127 114
127 118
127 148
127 183
127 211
127 244
127 246
127 299
127 325
127 351
127 383
127 424
127 465
127 479
127 484
127 495
128 1
128 13
128 46
128 51
128 54
128 96
128 98
128 108
128 135
128 136
128 151
128 200
128 215
128 243
128 262
128 281
128 302
128 305
128 307
128 313
128 342
128 348
128 392
128 397
128 412
128 414
128 426
128 438
128 468
128 469
128 482
128 491
129 2
129 28
129 48
129 57
129 88
129 105
129 168
129 177
129 217
129 224
129 233
129 236
129 258
129 290
129 324
129 325
129 343
129 372
129 377
129 384
129 398
129 404
129 415
129 441
129 455
129 458
129 474
129 496
130 2
130 41
130 42
130 70
130 71
130 85
130 93
130 118
130 145
130 173
130 195
130 265
130 295
130 311
130 327
130 337
130 374
130 382
130 385
130 388
130 391
130 401
130 431
130 436
130 441
130 443
130 446
130 454
130 466
130 477
130 500
131 15
131 48
131 54
131 85
131 122
131 125
131 142
131 149
131 156
131 161
131 172
131 185
131 199
131 208
131 239
131 244
131 250
131 257
131 263
131 268
131 272
131 293
131 312
131 327
131 396
131 401
131 499
131 500
132 26
132 64
132 71
132 82
132 114
132 127
132 145
132 156
132 222
132 232
132 243
132 268
132 306
132 338
132 346
132 349
132 372
132 375
132 377
132 379
132 414
132 457
132 496
132 500
133 6
133 22
133 32
133 43
133 75
133 87
133 88
133 106
133 114
133 140
133 195
133 203
133 214
133 229
133 237
133 238
133 299
133 321
133 370
133 391
133 393
133 424
133 433
133 452
133 459
134 50
134 75
134 92
134 105
134 130
134 140
134 158
134 190
134 193
134 195
134 271
134 279
134 292
134 294
134 298
134 300
134 302
134 307
134 320
134 359
134 363
134 380
134 385
134 387
134 390
134 437
134 439
135 75
135 77
135 89
135 100
135 124
135 147
135 154
135 172
135 189
135 218
135 263
135 288
135 334
135 378
135 393
135 417
135 432
136 15
136 32
136 43
136 65
136 71
136 103
136 133
136 163
136 202
136 207
136 219
136 223
136 246
136 281
136 287
136 315
136 338
136 346
136 359
136 366
136 392
136 418
136 496
137 9
137 21
137 24
137 28
137 32
137 38
137 48
137 62
137 68
137 69
137 86
137 90
137 94
137 97
137 110
137 130
137 145
137 179
137 185
137 212
137 261
137 296
137 311
137 314
137 332
137 352
137 362
137 385
137 425
137 427
137 467
137 481
137 483
138 14
138 22
138 30
138 65
138 73
138 75
138 79
138 88
138 89
138 94
138 156
138 169
138 173
138 183
138 215
138 234
138 257
138 279
138 289
138 295
138 339
138 379
138 399
138 405
138 427
138 433
138 443
138 489
139 12
139 24
139 32
139 39
139 40
139 43
139 50
139 59
139 70
139 75
139 121
139 135
139 174
139 202
139 212
139 243
139 262
139 276
139 294
139 313
139 324
139 354
139 366
139 415
139 428
139 448
139 470
139 481
140 48
140 72
140 126
140 130
140 149
140 153
140 169
140 171
140 181
140 226
140 243
140 264
140 273
140 294
140 300
140 317
140 328
140 341
140 361
140 374
140 403
140 418
140 421
140 460
140 467
140 481
140 500
141 4
141 5
141 12
141 16
141 21
141 49
141 104
141 147
141 197
141 200
141 257
141 282
141 287
141 302
141 320
141 323
141 324
141 378
141 387
141 396
141 410
141 418
141 421
141 431
141 458
141 488
141 491
141 499
142 15
142 69
142 74
142 112
142 115
142 116
142 165
142 172
142 196
142 230
142 234
142 235
142 259
142 273
142 276
142 336
142 340
142 342
142 346
142 360
142 372
142 391
142 393
142 410
142 420
142 423
142 441
143 3
143 18
143 50
143 86
143 91
143 101
143 102
143 109
143 161
143 168
143 210
143 220
143 245
143 251
143 257
143 261
143 335
143 337
143 346
143 354
143 359
143 361
143 378
143 380
143 396
143 404
143 418
143 420
143 429
143 452
144 62
144 79
144 80
144 84
144 86
144 130
144 146
144 155
144 156
144 158
144 175
144 230
144 235
144 242
144 243
144 245
144 283
144 289
144 292
144 298
144 305
144 311
144 325
144 329
144 337
144 340
144 370
144 387
144 419
144 421
144 425
144 428
144 431
144 474
145 13
145 33
145 45
145 62
145 92
145 113
145 115
145 125
145 141
145 170
145 196
145 239
145 252
145 270
145 281
145 305
145 321
145 354
145 367
145 374
145 382
145 414
145 437
145 440
145 457
145 474
145 487
145 492
145 494
146 3
146 9
146 13
146 24
146 32
146 45
146 80
146 106
146 117
146 135
146 156
146 162
146 185
146 192
146 232
146 270
146 282
146 290
146 341
146 354
146 396
146 397
146 402
146 419
146 454
146 458
146 461
146 478
147 14
147 23
147 74
147 95
147 98
147 100
147 101
147 117
147 122
147 123
147 140
147 180
147 189
147 210
147 214
147 223
147 229
147 241
147 245
147 257
147 261
147 278
147 289
147 298
147 339
147 347
147 356
147 358
147 367
147 403
147 407
147 408
147 415
147 420
147 430
147 471
148 22
148 29
148 46
148 51
148 66
148 68
148 71
148 87
148 117
148 124
148 132
148 135
148 143
148 167
148 172
148 198
148 254
148 255
148 271
148 311
148 331
148 348
148 356
148 364
148 420
148 424
148 448
148 451
148 457
148 460
148 468
148 490
149 18
149 19
149 33
149 63
149 112
149 136
149 153
149 157
149 166
149 211
149 233
149 249
149 259
149 275
149 282
149 297
149 329
149 336
149 337
149 353
149 404
149 407
149 418
149 427
149 446
149 467
149 478
149 498
150 19
150 23
150 32
150 148
150 170
150 175
150 207
150 213
150 246
150 248
150 263
150 275
150 284
150 326
150 366
150 382
150 388
150 398
150 413
150 414
150 427
150 442
150 478
150 496
151 12
151 45
151 56
151 102
151 118
151 179
151 196
151 208
151 218
151 229
151 252
151 253
151 268
151 283
151 303
151 330
151 377
151 390
151 418
151 430
151 462
151 485
152 5
152 32
152 44
152 45
152 61
152 68
152 111
152 147
152 153
152 201
152 205
152 213
152 218
152 256
152 269
152 274
152 283
152 284
152 287
152 314
152 347
152 385
152 389
152 404
152 411
152 451
152 475
152 488
153 18
153 40
153 47
153 77
153 82
153 83
153 87
153 103
153 109
153 144
153 150
153 158
153 160
153 172
153 179
153 187
153 240
153 257
153 271
153 284
153 286
153 299
153 314
153 316
153 373
153 375
153 376
153 377
153 425
153 429
153 431
153 441
153 444
153 463
154 5
154 30
154 74
154 86
154 114
154 136
154 141
154 148
154 164
154 225
154 229
154 243
154 294
154 304
154 313
154 355
154 396
154 435
154 461
154 475
155 24
155 46
155 106
155 119
155 138
155 151
155 159
155 189
155 190
155 204
155 256
155 289
155 326
155 327
155 342
155 400
155 416
155 439
155 440
155 461
155 475
155 489
156 1
156 24
156 35
156 76
156 91
156 99
156 114
156 116
156 147
156 246
156 267
156 275
156 281
156 303
156 328
156 336
156 340
156 348
156 373
156 432
156 448
156 455
157 1
157 23
157 39
157 41
157 53
157 54
157 57
157 78
157 88
157 89
157 105
157 222
157 244
157 263
157 276
157 301
157 323
157 324
157 334
157 392
157 395
157 404
158 21
158 33
158 42
158 52
158 74
158 89
158 104
158 125
158 131
158 138
158 170
158 173
158 174
158 204
158 260
158 277
158 287
158 300
158 302
158 304
158 316
158 327
158 335
158 336
158 348
158 377
158 379
158 398
158 407
158 428
158 431
158 432
158 434
158 466
158 484
158 500
159 3
159 4
159 27
159 36
159 38
159 89
159 109
159 148
159 152
159 159
159 163
159 164
159 165
159 178
159 194
159 211
159 303
159 317
159 371
159 375
159 386
159 411
159 418
159 450
159 485
159 490
160 19
160 51
160 53
160 76
160 91
160 151
160 193
160 197
160 256
160 261
160 277
160 300
160 301
160 398
160 420
160 438
160 466
161 10
161 31
161 70
161 71
161 97
161 100
161 102
161 109
161 116
161 129
161 138
161 142
161 147
161 179
161 190
161 219
161 225
161 264
161 281
161 292
161 317
161 319
161 330
161 332
161 359
161 366
161 447
161 454
161 455
161 456
161 457
161 465
161 485
162 6
162 8
162 13
162 41
162 63
162 72
162 81
162 83
162 140
162 147
162 154
162 161
162 174
162 190
162 209
162 226
162 232
162 242
162 252
162 265
162 328
162 358
162 370
162 374
162 422
162 474
162 476
163 8
163 63
163 90
163 146
163 175
163 194
163 196
163 242
163 250
163 283
163 303
163 308
163 328
163 351
163 369
163 384
163 402
163 440
164 34
164 37
164 49
164 112
164 125
164 146
164 178
164 181
164 183
164 209
164 213
164 226
164 234
164 254
164 257
164 291
164 359
164 360
164 426
164 430
164 431
164 478
164 481
164 489
165 7
165 19
165 32
165 33
165 94
165 104
165 112
165 123
165 185
165 200
165 222
165 254
165 265
165 304
165 310
165 338
165 378
165 421
165 439
165 493
166 53
166 126
166 133
166 177
166 184
166 195
166 237
166 244
166 277
166 294
166 301
166 311
166 319
166 325
166 346
166 354
166 383
166 426
167 8
167 17
167 21
167 32
167 34
167 39
167 77
167 107
167 131
167 141
167 183
167 231
167 244
167 265
167 281
167 297
167 300
167 301
167 310
167 312
167 315
167 317
167 343
167 366
167 370
167 377
167 426
167 452
167 460
167 484
167 499
168 11
168 12
168 50
168 51
168 57
168 106
168 112
168 117
168 158
168 172
168 287
168 288
168 291
168 351
168 397
168 406
168 413
168 445
168 459
168 462
168 477
168 479
168 483
169 19
169 31
169 61
169 117
169 128
169 135
169 154
169 156
169 159
169 174
169 184
169 221
169 224
169 265
169 368
169 370
169 378
169 407
169 476
169 486
169 489
170 34
170 157
170 194
170 211
170 273
170 306
170 371
170 403
170 412
170 450
170 461
170 467
170 484
171 5
171 7
171 31
171 35
171 42
171 117
171 140
171 149
171 190
171 216
171 229
171 251
171 302
171 316
171 364
171 371
171 388
171 396
171 437
171 445
171 479
171 480
172 20
172 60
172 99
172 134
172 144
172 151
172 156
172 165
172 182
172 203
172 361
172 364
172 390
172 430
172 465
172 466
172 492
172 494
173 6
173 23
173 24
173 74
173 85
173 95
173 96
173 104
173 140
173 155
173 156
173 160
173 181
173 214
173 243
173 290
173 293
173 305
173 334
173 391
173 449
173 459
173 462
173 468
173 474
173 492
174 5
174 6
174 8
174 44
174 74
174 79
174 165
174 168
174 175
174 186
174 202
174 210
174 214
174 215
174 223
174 231
174 263
174 265
174 273
174 294
174 315
174 321
174 332
174 336
174 377
174 390
174 395
174 492
174 499
175 3
175 7
175 23
175 40
175 52
175 74
175 84
175 148
175 203
175 211
175 215
175 222
175 354
175 373
175 375
175 390
175 413
175 452
175 467
175 471
176 23
176 41
176 75
176 88
176 105
176 122
176 136
176 148
176 166
176 192
176 210
176 226
176 231
176 234
176 284
176 299
176 304
176 418
176 444
176 448
176 480
177 12
177 38
177 50
177 66
177 92
177 113
177 128
177 138
177 149
177 169
177 180
177 205
177 239
177 253
177 263
177 278
177 310
177 358
177 373
177 384
177 395
177 407
177 428
177 438
178 61
178 94
178 104
178 105
178 112
178 140
178 142
178 147
178 209
178 217
178 221
178 222
178 234
178 264
178 282
178 294
178 325
178 361
178 376
178 382
178 385
178 387
178 469
178 470
178 484
178 495
178 496
179 1
179 17
179 21
179 44
179 50
179 73
179 104
179 122
179 137
179 198
179 207
179 218
179 231
179 233
179 266
179 288
179 299
179 330
179 376
179 422
179 428
179 440
179 450
179 457
179 481
179 496
180 4
180 6
180 12
180 32
180 107
180 114
180 142
180 163
180 198
180 201
180 225
180 244
180 261
180 285
180 337
180 343
180 353
180 393
180 479
180 481
180 484
180 490
180 497
181 27
181 79
181 86
181 136
181 164
181 172
181 206
181 231
181 260
181 314
181 334
181 337
181 351
181 364
181 369
181 435
181 472
182 4
182 25
182 30
182 37
182 97
182 104
182 108
182 117
182 158
182 167
182 180
182 240
182 286
182 296
182 322
182 329
182 352
182 353
182 365
182 380
182 387
182 411
182 418
182 420
182 457
182 479
183 50
183 53
183 57
183 67
183 97
183 119
183 149
183 151
183 159
183 303
183 381
183 385
183 395
183 416
183 419
183 429
183 430
183 447
183 448
183 471
184 13
184 17
184 32
184 41
184 50
184 110
184 130
184 147
184 156
184 168
184 178
184 181
184 183
184 204
184 205
184 331
184 336
184 337
184 349
184 351
184 361
184 384
184 397
184 407
184 416
184 425
184 445
184 446
184 455
184 474
185 10
185 48
185 53
185 67
185 88
185 116
185 153
185 161
185 177
185 208
185 223
185 235
185 249
185 250
185 252
185 261
185 297
185 319
185 341
185 363
185 397
185 441
185 462
185 488
186 2
186 29
186 56
186 66
186 81
186 94
186 103
186 132
186 143
186 161
186 178
186 206
186 248
186 260
186 275
186 319
186 328
186 340
186 360
186 389
186 408
186 481
186 498
187 4
187 48
187 66
187 75
187 77
187 83
187 102
187 124
187 133
187 147
187 178
187 206
187 248
187 265
187 309
187 320
187 326
187 338
187 401
188 8
188 14
188 27
188 37
188 49
188 65
188 135
188 147
188 161
188 173
188 196
188 219
188 229
188 242
188 249
188 304
188 340
188 341
188 370
188 385
188 390
188 408
188 443
188 457
188 497
189 9
189 32
189 54
189 59
189 64
189 80
189 91
189 129
189 130
189 163
189 173
189 214
189 218
189 258
189 288
189 302
189 310
189 324
189 341
189 426
189 441
189 442
189 443
189 452
189 454
189 458
189 484
189 495
190 41
190 47
190 54
190 58
190 66
190 79
190 92
190 142
190 153
190 166
190 177
190 183
190 252
190 266
190 278
190 296
190 298
190 308
190 324
190 388
190 415
190 431
190 451
190 473
190 477
191 6
191 11
191 36
191 43
191 82
191 93
191 98
191 117
191 119
191 120
191 156
191 184
191 246
191 272
191 274
191 316
191 321
191 338
191 429
191 450
191 452
192 13
192 29
192 61
192 75
192 111
192 164
192 169
192 171
192 198
192 219
192 279
192 301
192 341
192 344
192 356
192 358
192 365
192 372
192 402
192 453
193 9
193 14
193 18
193 26
193 32
193 61
193 67
193 70
193 79
193 81
193 131
193 144
193 236
193 271
193 308
193 333
193 334
193 361
193 364
193 397
193 398
193 412
193 422
193 425
193 426
193 431
193 468
194 13
194 16
194 41
194 44
194 59
194 78
194 82
194 120
194 141
194 161
194 164
194 177
194 181
194 252
194 284
194 294
194 304
194 346
194 363
194 379
194 381
194 390
194 414
194 417
194 430
194 438
194 446
195 35
195 44
195 49
195 53
195 138
195 152
195 196
195 197
195 228
195 317
195 359
195 368
195 392
195 397
195 401
195 412
195 420
195 435
195 436
195 460
195 469
195 491
196 23
196 24
196 29
196 42
196 49
196 161
196 187
196 194
196 254
196 265
196 266
196 269
196 280
196 282
196 333
196 374
196 391
196 426
196 427
196 439
197 3
197 6
197 44
197 73
197 80
197 96
197 102
197 131
197 160
197 260
197 281
197 318
197 332
197 336
197 345
197 383
197 438
197 460
198 2
198 13
198 77
198 82
198 96
198 102
198 104
198 105
198 118
198 127
198 157
198 164
198 177
198 220
198 240
198 244
198 268
198 271
198 284
198 347
198 368
198 384
198 405
198 422
198 432
198 448
198 468
199 6
199 8
199 35
199 40
199 92
199 136
199 151
199 155
199 190
199 230
199 271
199 350
199 405
199 439
199 447
199 486
200 13
200 69
200 71
200 96
200 108
200 117
200 118
200 135
200 140
200 145
200 150
200 222
200 263
200 268
200 309
200 374
200 415
200 424
200 474
200 491
200 499
201 6
201 11
201 89
201 99
201 103
201 144
201 164
201 232
201 248
201 286
201 288
201 290
201 338
201 379
201 381
201 391
201 411
201 413
201 433
201 437
201 457
201 474
201 498
202 5
202 18
202 29
202 52
202 102
202 107
202 111
202 135
202 140
202 192
202 204
202 217
202 242
202 256
202 259
202 272
202 282
202 323
202 336
202 356
202 382
202 385
202 442
202 476
202 489
202 500
203 25
203 102
203 135
203 199
203 209
203 229
203 266
203 277
203 296
203 300
203 307
203 371
203 389
203 400
203 472
203 492
203 494
204 25
204 30
204 32
204 54
204 59
204 125
204 160
204 201
204 240
204 252
204 253
204 322
204 353
204 403
204 407
204 427
204 430
204 432
204 436
204 450
205 14
205 122
205 129
205 168
205 202
205 276
205 306
205 321
205 330
205 342
205 375
205 418
205 480
206 3
206 23
206 54
206 86
206 106
206 138
206 162
206 169
206 179
206 198
206 259
206 288
206 323
206 386
206 429
206 432
206 441
207 9
207 16
207 46
207 128
207 216
207 220
207 304
207 306
207 339
207 349
207 350
207 356
207 399
207 421
207 439
207 484
207 485
208 54
208 61
208 119
208 127
208 130
208 181
208 234
208 310
208 340
208 374
208 395
208 435
208 443
208 445
208 457
208 474
208 475
208 490
209 1
209 16
209 61
209 74
209 118
209 146
209 227
209 279
209 280
209 295
209 381
209 452
209 465
209 472
210 7
210 83
210 84
210 94
210 112
210 184
210 203
210 216
210 217
210 271
210 277
210 300
210 312
210 326
210 371
210 384
210 395
210 396
210 409
210 460
210 474
210 493
211 9
211 10
211 21
211 27
211 34
211 95
211 99
211 144
211 154
211 163
211 168
211 196
211 219
211 228
211 293
211 319
211 347
211 434
211 437
211 499
212 20
212 59
212 79
212 124
212 173
212 178
212 179
212 204
212 295
212 307
212 330
212 402
212 430
212 457
213 41
213 57
213 73
213 123
213 136
213 137
213 139
213 169
213 204
213 211
213 222
213 250
213 274
213 279
213 291
213 294
213 310
213 321
213 392
213 437
214 1
214 8
214 104
214 106
214 119
214 260
214 271
214 301
214 360
214 369
214 406
214 407
214 419
214 422
214 427
214 435
214 446
214 471
214 484
215 2
215 19
215 37
215 66
215 83
215 91
215 184
215 200
215 248
215 267
215 308
215 358
215 385
215 392
215 438
215 453
215 456
215 459
216 11
216 13
216 40
216 55
216 77
216 86
216 100
216 136
216 151
216 176
216 211
216 236
216 290
216 291
216 326
216 346
216 352
216 371
216 448
216 458
216 470
216 495
216 497
217 31
217 121
217 133
217 152
217 159
217 174
217 182
217 197
217 234
217 266
217 269
217 271
217 272
217 295
217 299
217 301
217 310
217 354
217 361
217 367
217 396
217 413
217 417
217 442
217 474
217 490
218 30
218 34
218 42
218 59
218 73
218 106
218 122
218 171
218 228
218 229
218 343
218 424
218 444
219 35
219 62
219 86
219 96
219 154
219 157
219 158
219 160
219 182
219 235
219 243
219 306
219 308
219 312
219 320
219 321
219 327
219 343
219 378
219 417
219 445
219 458
219 461
220 34
220 50
220 133
220 136
220 198
220 200
220 229
220 231
220 235
220 315
220 323
220 331
220 485
220 497
221 48
221 60
221 77
221 95
221 132
221 148
221 173
221 204
221 209
221 230
221 289
221 300
221 357
221 475
221 481
222 22
222 46
222 52
222 86
222 92
222 149
222 169
222 280
222 290
222 331
222 342
222 354
222 355
222 357
222 370
222 372
222 419
222 422
222 438
222 466
222 480
222 487
223 2
223 84
223 99
223 132
223 249
223 262
223 313
223 337
223 364
223 372
223 375
223 397
223 402
223 411
223 421
224 63
224 92
224 97
224 111
224 151
224 174
224 242
224 266
224 334
224 361
224 467
225 9
225 59
225 83
225 87
225 116
225 120
225 122
225 133
225 181
225 230
225 276
225 306
225 337
225 356
225 379
225 387
225 411
225 415
226 1
226 8
226 48
226 51
226 53
226 62
226 76
226 115
226 117
226 133
226 147
226 154
226 161
226 188
226 216
226 245
226 263
226 265
226 309
226 311
226 320
226 343
226 437
226 459
226 472
226 489
227 13
227 34
227 37
227 56
227 108
227 114
227 153
227 164
227 199
227 207
227 215
227 242
227 248
227 252
227 269
227 293
227 297
227 323
227 389
227 393
227 447
227 451
227 474
228 6
228 8
228 51
228 78
228 104
228 127
228 199
228 207
228 252
228 277
228 280
228 281
228 284
228 302
228 316
228 355
228 363
228 451
229 10
229 38
229 74
229 84
229 149
229 216
229 248
229 300
229 301
229 306
229 341
229 400
229 415
229 463
230 12
230 89
230 108
230 140
230 175
230 210
230 236
230 325
230 339
230 402
231 38
231 40
231 62
231 98
231 130
231 154
231 183
231 228
231 229
231 234
231 237
231 253
231 267
231 287
231 315
231 359
231 457
231 471
231 497
232 66
232 76
232 90
232 153
232 235
232 341
232 402
232 413
232 430
232 474
233 24
233 78
233 83
233 84
233 123
233 140
233 224
233 276
233 323
233 347
233 370
233 444
233 457
234 20
234 27
234 71
234 82
234 93
234 100
234 114
234 138
234 156
234 256
234 308
234 334
234 378
234 389
234 414
234 458
234 492
235 47
235 97
235 155
235 179
235 222
235 243
235 274
235 283
235 312
235 314
235 331
235 345
235 367
235 429
236 6
236 10
236 22
236 64
236 66
236 78
236 81
236 83
236 113
236 156
236 184
236 261
236 268
236 272
236 281
236 305
236 315
236 343
236 353
236 369
236 441
236 473
237 62
237 105
237 121
237 129
237 135
237 163
237 213
237 222
237 231
237 242
237 287
237 296
237 302
237 304
237 334
237 352
237 367
237 373
237 393
237 399
237 415
237 417
237 442
237 450
237 470
238 7
238 35
238 40
238 47
238 87
238 145
238 193
238 238
238 281
238 293
238 313
238 343
239 42
239 66
239 102
239 108
239 130
239 138
239 160
239 178
239 212
239 230
239 247
239 277
239 315
239 337
239 344
239 345
239 368
239 390
239 500
240 58
240 87
240 150
240 186
240 197
240 281
240 283
240 316
240 341
240 396
240 407
240 433
241 72
241 132
241 194
241 237
241 298
241 497
241 498
242 23
242 70
242 127
242 134
242 260
242 274
242 298
242 319
242 330
242 357
242 469
243 8
243 29
243 57
243 64
243 152
243 157
243 263
243 266
243 267
243 276
243 392
243 431
243 445
244 7
244 34
244 35
244 61
244 99
244 103
244 159
244 251
244 283
244 317
244 337
244 367
244 388
244 402
244 460
244 469
245 177
245 189
245 192
245 279
245 304
245 360
245 373
245 374
245 409
245 426
245 447
245 498
246 33
246 80
246 99
246 117
246 125
246 135
246 157
246 162
246 190
246 195
246 235
246 257
246 354
246 377
246 387
246 432
246 443
246 492
247 114
247 121
247 284
247 303
247 360
247 373
247 374
247 386
247 447
247 469
247 476
247 484
248 35
248 57
248 66
248 132
248 279
248 329
248 341
248 488
249 3
249 9
249 16
249 41
249 133
249 136
249 138
249 315
249 349
249 351
249 354
249 419
249 443
249 455
249 457
250 24
250 32
250 79
250 197
250 199
250 223
250 289
250 323
250 355
250 356
250 374
250 391
250 419
250 479
251 37
251 52
251 114
251 157
251 170
251 179
251 258
251 303
251 317
251 339
251 399
251 408
251 437
251 438
251 469
251 489
252 8
252 53
252 83
252 186
252 250
252 262
252 330
252 355
252 389
252 410
252 431
252 471
252 495
253 3
253 49
253 83
253 85
253 120
253 171
253 190
253 209
253 221
253 241
253 260
253 273
253 306
253 329
253 336
253 345
253 364
253 378
253 434
253 441
253 450
253 457
253 481
254 32
254 35
254 92
254 167
254 172
254 209
254 227
254 233
254 256
254 268
254 272
254 307
254 352
254 370
254 421
254 471
255 19
255 120
255 121
255 180
255 208
255 221
255 293
255 336
255 353
255 370
255 376
255 405
255 409
255 421
255 439
255 463
255 500
256 6
256 13
256 125
256 197
256 354
256 370
256 484
257 8
257 72
257 118
257 136
257 146
257 246
257 293
257 296
257 310
257 325
257 391
257 458
257 487
258 152
258 203
258 219
258 392
258 426
258 427
258 430
258 462
259 16
259 84
259 96
259 110
259 129
259 143
259 148
259 152
259 173
259 179
259 251
259 311
259 324
259 326
259 345
259 356
259 361
259 403
259 443
260 35
260 67
260 103
260 110
260 163
260 226
260 245
260 252
260 292
260 306
260 367
260 372
260 419
261 27
261 35
261 79
261 156
261 177
261 192
261 209
261 310
261 314
261 381
261 414
261 486
262 5
262 13
262 33
262 124
262 158
262 354
262 371
262 380
262 387
262 492
263 49
263 76
263 77
263 89
263 101
263 290
263 294
263 302
263 329
263 343
263 364
263 375
263 402
263 430
263 444
263 476
264 111
264 295
264 310
264 415
264 451
265 2
265 6
265 92
265 133
265 139
265 147
265 178
265 224
265 304
265 461
265 467
265 498
266 185
266 205
266 260
266 286
266 310
266 347
266 364
266 365
266 412
266 435
266 442
266 476
267 16
267 92
267 164
267 214
267 228
267 291
267 364
267 402
267 424
268 160
268 176
268 299
268 345
268 380
268 395
268 408
268 440
268 452
269 86
269 141
269 162
269 174
269 230
269 251
269 270
269 296
269 299
269 364
269 418
270 31
270 39
270 72
270 85
270 120
270 183
270 238
270 249
270 279
271 44
271 50
271 55
271 64
271 74
271 174
271 180
271 200
271 231
271 315
271 404
271 414
271 419
271 450
271 462
272 104
272 275
272 290
272 353
273 21
273 38
273 45
273 78
273 117
273 141
273 211
273 241
273 284
273 433
273 470
273 474
274 8
274 27
274 92
274 245
274 254
274 266
274 267
274 297
274 445
274 488
275 2
275 45
275 82
275 485
276 59
276 68
276 80
276 97
276 143
276 169
276 190
276 292
276 302
276 475
277 82
277 96
277 104
277 113
277 243
277 321
277 323
277 337
277 367
277 413
277 437
277 441
277 480
278 42
278 176
278 179
278 198
278 207
278 257
278 301
278 384
279 464
279 474
280 144
280 179
280 197
280 222
280 261
280 271
280 275
280 276
280 324
280 354
280 400
280 497
281 22
281 46
281 64
281 116
281 195
281 237
281 417
282 21
282 209
282 256
282 334
282 353
282 378
282 415
282 429
282 458
283 19
283 183
283 252
283 298
283 336
283 394
283 474
283 486
284 6
284 146
284 164
284 361
284 407
285 8
285 86
285 92
285 161
285 188
285 208
285 237
285 250
285 269
285 308
285 385
285 401
285 412
285 496
286 8
286 93
286 106
286 114
286 248
286 278
286 349
287 48
287 51
287 67
287 115
287 152
287 309
287 496
288 22
288 53
288 87
288 156
288 174
288 230
289 34
289 64
289 70
289 71
289 107
289 246
289 289
289 406
289 444
289 456
290 25
290 121
290 136
290 239
290 277
290 394
290 422
291 3
291 322
291 339
291 354
291 362
291 363
291 391
292 71
292 83
292 232
292 292
292 326
292 337
292 418
292 497
293 44
293 171
293 225
293 263
293 270
293 296
293 369
293 385
293 407
293 457
294 2
294 52
294 92
294 141
294 251
294 338
294 418
294 438
294 488
295 111
295 128
295 186
295 242
295 269
295 287
295 345
295 376
296 21
296 107
296 290
296 334
296 392
297 24
297 111
297 157
297 177
297 215
297 294
297 335
297 339
297 486
298 13
298 17
298 46
298 98
298 119
298 201
298 400
298 477
299 34
299 69
299 113
299 174
299 231
299 237
299 353
299 358
299 363
299 393
299 411
299 443
299 485
300 73
300 89
300 230
300 236
300 301
300 348
300 374
300 377
300 442
301 45
301 52
301 55
301 134
301 163
301 198
301 201
301 217
301 230
301 253
301 313
301 321
301 337
301 457
302 48
302 71
302 104
302 110
302 118
302 219
302 230
302 242
302 247
302 283
302 325
302 402
302 432
303 8
303 101
303 126
303 156
303 230
303 282
303 347
303 413
303 482
304 27
304 33
304 48
304 119
304 150
304 206
304 229
304 230
304 270
304 348
304 387
305 49
305 82
305 190
305 197
305 211
305 230
305 236
305 288
305 342
305 424
305 444
305 471
306 46
306 154
306 230
306 273
306 456
306 469
306 484
307 81
307 200
307 214
307 217
307 230
307 435
307 495
308 36
308 207
308 230
308 274
308 343
308 473
308 487
308 495
309 226
309 230
309 350
309 483
310 78
310 199
310 219
310 227
310 230
310 248
310 358
310 427
310 496
311 37
311 86
311 230
311 292
311 350
311 371
311 481
312 86
312 230
312 280
312 465
312 479
313 18
313 75
313 213
313 230
313 241
313 276
313 342
313 351
313 408
314 230
314 466
315 17
315 30
315 78
315 230
315 237
315 265
315 353
315 354
315 365
315 408
315 494
316 8
316 229
316 230
316 232
316 306
316 409
316 437
317 148
317 230
317 244
318 70
318 110
318 152
318 169
318 230
318 412
319 74
319 88
319 124
319 211
319 230
319 300
319 328
319 401
319 403
319 408
320 40
320 230
320 243
320 360
320 369
320 374
320 415
320 418
320 461
320 463
320 490
321 40
321 163
321 230
321 284
321 464
322 230
322 319
322 321
322 377
322 412
323 113
323 157
323 230
323 238
323 252
323 324
323 393
324 26
324 58
324 97
324 230
325 61
325 166
325 175
325 230
325 282
325 305
325 316
325 426
326 42
326 89
326 149
326 171
326 218
326 230
326 273
326 339
326 472
327 39
327 130
327 211
327 230
327 286
327 332
327 462
327 481
328 112
328 227
328 230
328 278
328 341
328 369
328 482
328 500
329 41
329 42
329 227
329 230
329 311
329 384
329 455
329 457
329 496
329 500
330 11
330 65
330 148
330 169
330 230
330 233
330 278
330 433
330 457
330 464
330 466
330 473
331 89
331 157
331 159
331 230
331 317
331 344
332 12
332 95
332 230
332 340
332 429
332 466
333 42
333 186
333 190
333 199
333 230
333 231
333 263
334 57
334 88
334 230
334 285
334 365
334 416
334 486
335 156
335 230
335 357
335 493
336 74
336 230
336 236
336 319
336 463
336 480
337 90
337 214
337 230
337 278
337 317
337 403
337 423
337 443
338 101
338 230
338 312
339 35
339 42
339 99
339 129
339 230
339 499
340 26
340 153
340 230
340 245
340 353
340 402
340 406
341 34
341 120
341 230
341 245
341 412
342 4
342 141
342 230
342 306
342 331
343 230
343 364
344 2
344 55
344 193
344 230
344 462
344 492
345 3
345 108
345 117
345 153
345 178
345 191
345 230
346 85
346 133
346 230
346 247
346 301
346 414
347 54
347 106
347 230
347 476
347 491
348 176
348 194
348 230
348 247
348 331
348 362
349 86
349 188
349 230
349 288
349 351
349 357
350 149
350 180
350 230
350 246
350 394
350 412
351 2
351 81
351 393
351 440
352 41
352 313
352 386
353 84
353 479
354 109
354 182
354 433
354 475
354 484
355 382
356 369
357 188
357 344
357 420
357 455
358 41
358 101
359 151
359 157
359 166
359 401
360 15
360 60
360 100
360 296
360 364
360 372
361 302
361 350
362 15
362 92
362 346
362 478
362 490
362 495
363 142
363 157
363 164
363 196
364 41
364 61
364 257
365 4
365 173
365 309
365 497
366 8
366 65
366 91
366 163
367 22
367 37
367 133
367 408
367 453
367 477
368 75
368 113
368 138
368 321
368 416
369 274
369 332
369 347
369 430
370 103
370 189
370 425
371 129
371 207
371 258
371 271
371 358
372 62
372 133
373 232
373 485
374 250
375 185
375 218
375 382
376 198
376 328
376 377
376 472
378 39
378 97
378 190
378 283
378 478
379 304
381 238
381 301
381 482
383 230
383 301
383 315
383 319
383 340
384 15
384 119
384 407
384 449
385 141
385 196
385 344
385 361
386 53
387 18
387 123
387 124
387 247
387 456
387 472
388 92
388 237
388 446
389 133
389 257
389 292
390 41
390 330
390 367
390 440
391 25
391 65
391 384
392 487
393 335
393 347
393 484
394 191
394 248
394 354
395 6
395 160
395 307
395 389
396 16
396 73
396 159
396 390
397 340
397 418
397 495
398 87
398 314
399 32
399 267
399 328
399 356
400 78
400 146
400 251
400 479
401 445
402 95
402 301
402 405
403 188
404 37
404 109
404 500
405 137
405 174
405 234
405 311
406 268
406 318
407 213
407 254
407 256
408 196
409 187
409 215
409 301
410 196
410 232
410 285
410 317
411 271
411 281
411 428
412 222
412 357
413 206
413 230
413 433
413 482
414 58
414 207
414 218
414 360
414 428
416 402
416 473
417 495
418 86
418 126
419 23
419 269
419 339
419 418
421 3
421 20
422 38
422 352
423 318
424 366
426 96
426 141
427 213
427 243
428 71
428 213
429 153
429 457
430 233
431 5
431 20
431 57
431 260
432 91
433 111
434 44
435 8
436 34
436 127
436 245
437 82
437 452
437 473
438 315
439 357
440 94
440 186
440 286
441 206
443 310
444 357
445 148
445 268
450 100
450 101
450 102
450 103
450 104
450 105
450 106
450 107
450 108
450 109
450 110
450 111
450 112
450 113
450 114
450 115
450 116
450 117
450 118
450 119
450 120
450 121
450 122
450 123
450 124
450 125
450 126
450 127
450 128
450 129
450 130
450 131
450 132
450 133
450 134
450 135
450 136
450 137
450 138
450 139
450 140
450 141
450 142
450 143
450 144
450 145
450 146
450 147
450 148
450 149
450 150
450 151
450 152
450 153
450 154
450 155
450 156
450 157
450 158
450 159
450 160
450 161
450 162
450 163
450 164
450 165
450 166
450 167
450 168
450 169
450 170
450 171
450 172
450 173
450 174
450 175
450 176
450 177
450 178
450 179
450 180
450 181
450 182
450 183
450 184
450 185
450 186
450 187
450 188
450 189
450 190
450 191
450 192
450 193
450 194
450 195
450 196
450 197
450 198
450 199
