1000
52 51 101 58 104 135 999 999 1000 1000
402
51 50
51 149
53 50
53 149
55 50
55 149
57 50
57 149
59 50
59 149
61 50
61 149
63 50
63 149
65 50
65 149
67 50
67 149
69 50
69 149
71 50
71 149
73 50
73 149
75 50
75 149
77 50
77 149
79 50
79 149
81 50
81 149
83 50
83 149
85 50
85 149
87 50
87 149
89 50
89 149
91 50
91 149
93 50
93 149
95 50
95 149
97 50
97 149
99 50
99 149
101 50
101 149
103 50
103 149
105 50
105 149
107 50
107 149
109 50
109 149
111 50
111 149
113 50
113 149
115 50
115 149
117 50
117 149
119 50
119 149
121 50
121 149
123 50
123 149
125 50
125 149
127 50
127 149
129 50
129 149
131 50
131 149
133 50
133 149
135 50
135 149
137 50
137 149
139 50
139 149
141 50
141 149
143 50
143 149
145 50
145 149
147 50
147 149
149 50
149 51
149 52
149 53
149 54
149 55
149 56
149 57
149 58
149 59
149 60
149 61
149 62
149 63
149 64
149 65
149 66
149 67
149 68
149 69
149 70
149 71
149 72
149 73
149 74
149 75
149 76
149 77
149 78
149 79
149 80
149 81
149 82
149 83
149 84
149 85
149 86
149 87
149 88
149 89
149 90
149 91
149 92
149 93
149 94
149 95
149 96
149 97
149 98
149 99
149 100
149 101
149 102
149 103
149 104
149 105
149 106
149 107
149 108
149 109
149 110
149 111
149 112
149 113
149 114
149 115
149 116
149 117
149 118
149 119
149 120
149 121
149 122
149 123
149 124
149 125
149 126
149 127
149 128
149 129
149 130
149 131
149 132
149 133
149 134
149 135
149 136
149 137
149 138
149 139
149 140
149 141
149 142
149 143
149 144
149 145
149 146
149 147
149 148
149 149
50 149
50 148
50 147
50 146
50 145
50 144
50 143
50 142
50 141
50 140
50 139
50 138
50 137
50 136
50 135
50 134
50 133
50 132
50 131
50 130
50 129
50 128
50 127
50 126
50 125
50 124
50 123
50 122
50 121
50 120
50 119
50 118
50 117
50 116
50 115
50 114
50 113
50 112
50 111
50 110
50 109
50 108
50 107
50 106
50 105
50 104
50 103
50 102
50 101
50 100
50 99
50 98
50 97
50 96
50 95
50 94
50 93
50 92
50 91
50 90
50 89
50 88
50 87
50 86
50 85
50 84
50 83
50 82
50 81
50 80
50 79
50 78
50 77
50 76
50 75
50 74
50 73
50 72
50 71
50 70
50 69
50 68
50 67
50 66
50 65
50 64
50 63
50 62
50 61
50 60
50 59
50 58
50 57
50 56
50 55
50 54
50 53
50 52
50 50
52 149
52 58
52 57
52 56
52 55
52 54
52 53
52 52
52 50
54 149
54 50
56 149
56 50
58 149
58 50
60 149
60 50
62 149
62 50
64 149
64 50
66 149
66 50
68 149
68 50
70 149
70 50
72 149
72 50
74 149
74 50
76 149
76 50
78 149
78 50
80 149
80 50
82 149
82 50
84 149
84 50
86 149
86 50
88 149
88 50
90 149
90 50
92 149
92 50
94 149
94 50
96 149
96 50
98 149
98 50
100 149
100 50
102 149
102 50
104 149
104 50
106 149
106 50
108 149
108 50
110 149
110 50
112 149
112 50
114 149
114 50
116 149
116 50
118 149
118 50
120 149
120 50
122 149
122 50
124 149
124 50
126 149
126 50
128 149
128 50
130 149
130 50
132 149
132 50
134 149
134 50
136 149
136 50
138 149
138 50
140 149
140 50
142 149
142 50
144 149
144 50
146 149
146 50
148 149
148 50
