157
121 150 141 24 5 11 81 22 100 100
8299
1 1
1 2
1 3
1 4
1 5
1 8
1 12
1 18
1 26
1 29
1 31
1 39
1 41
1 44
1 45
1 50
1 55
1 56
1 57
1 58
1 64
1 65
1 78
1 80
1 84
1 86
1 87
1 95
1 97
1 101
1 103
1 104
1 110
1 112
1 113
1 116
1 118
1 120
1 123
1 125
1 130
1 132
1 133
1 137
1 139
1 140
1 142
1 146
1 147
1 151
1 153
1 154
1 156
1 157
2 1
2 4
2 7
2 10
2 12
2 20
2 23
2 26
2 28
2 29
2 30
2 31
2 34
2 35
2 37
2 38
2 41
2 49
2 54
2 55
2 57
2 60
2 68
2 71
2 74
2 78
2 82
2 85
2 86
2 88
2 89
2 96
2 102
2 108
2 110
2 116
2 121
2 124
2 131
2 134
2 136
2 138
2 140
2 141
2 142
2 149
2 152
2 153
2 157
3 5
3 10
3 11
3 28
3 35
3 37
3 42
3 44
3 45
3 48
3 52
3 55
3 56
3 58
3 68
3 77
3 81
3 91
3 92
3 95
3 101
3 103
3 106
3 107
3 109
3 112
3 113
3 119
3 125
3 128
3 130
3 131
3 132
3 133
3 135
3 136
3 140
3 141
3 142
3 146
3 151
3 154
3 156
4 1
4 3
4 8
4 13
4 14
4 19
4 21
4 22
4 25
4 32
4 33
4 37
4 46
4 48
4 49
4 51
4 52
4 59
4 61
4 62
4 65
4 72
4 75
4 79
4 80
4 83
4 85
4 88
4 95
4 96
4 97
4 98
4 105
4 107
4 108
4 109
4 110
4 112
4 115
4 117
4 119
4 120
4 122
4 124
4 125
4 128
4 132
4 133
4 134
4 136
4 138
4 142
4 144
4 145
4 146
4 148
4 152
5 3
5 6
5 10
5 12
5 14
5 15
5 16
5 17
5 18
5 26
5 28
5 32
5 34
5 37
5 42
5 46
5 47
5 51
5 52
5 59
5 60
5 62
5 63
5 65
5 67
5 68
5 69
5 71
5 72
5 74
5 77
5 78
5 86
5 87
5 88
5 89
5 92
5 93
5 94
5 101
5 103
5 106
5 109
5 111
5 112
5 115
5 117
5 118
5 121
5 122
5 123
5 124
5 128
5 134
5 135
5 136
5 137
5 143
5 144
5 148
5 151
6 3
6 6
6 11
6 17
6 20
6 21
6 22
6 23
6 25
6 26
6 29
6 36
6 37
6 40
6 44
6 46
6 49
6 50
6 52
6 53
6 58
6 61
6 62
6 63
6 66
6 77
6 78
6 85
6 86
6 88
6 89
6 90
6 91
6 92
6 93
6 95
6 97
6 99
6 100
6 109
6 111
6 116
6 117
6 118
6 125
6 126
6 132
6 134
6 136
6 137
6 140
6 144
6 146
6 148
6 150
7 6
7 7
7 10
7 16
7 17
7 18
7 19
7 21
7 22
7 24
7 29
7 32
7 34
7 43
7 44
7 45
7 51
7 53
7 56
7 58
7 61
7 62
7 66
7 68
7 71
7 75
7 77
7 86
7 90
7 94
7 96
7 97
7 99
7 101
7 103
7 105
7 109
7 110
7 113
7 114
7 118
7 122
7 129
7 134
7 136
7 137
7 140
7 141
7 144
7 146
7 148
7 153
7 154
8 2
8 6
8 7
8 10
8 11
8 14
8 17
8 18
8 22
8 28
8 29
8 30
8 32
8 37
8 43
8 44
8 47
8 48
8 49
8 51
8 53
8 56
8 59
8 60
8 66
8 67
8 71
8 72
8 74
8 75
8 76
8 78
8 82
8 83
8 84
8 86
8 87
8 89
8 92
8 94
8 96
8 97
8 110
8 111
8 112
8 114
8 116
8 118
8 125
8 130
8 133
8 138
8 141
8 143
8 145
8 147
8 148
8 149
8 153
8 156
8 157
9 3
9 4
9 5
9 7
9 9
9 12
9 19
9 20
9 25
9 38
9 39
9 40
9 43
9 46
9 51
9 52
9 55
9 57
9 60
9 61
9 64
9 67
9 73
9 74
9 75
9 76
9 77
9 82
9 85
9 93
9 96
9 99
9 103
9 104
9 105
9 109
9 110
9 112
9 114
9 116
9 128
9 129
9 131
9 132
9 133
9 134
9 135
9 137
9 143
9 145
9 146
9 153
10 2
10 4
10 7
10 22
10 23
10 24
10 26
10 29
10 31
10 32
10 33
10 44
10 46
10 47
10 52
10 57
10 58
10 59
10 67
10 75
10 76
10 77
10 78
10 83
10 88
10 89
10 92
10 93
10 95
10 102
10 103
10 109
10 114
10 117
10 122
10 127
10 131
10 135
10 136
10 138
10 139
10 140
10 141
10 142
10 143
10 148
10 150
10 152
10 157
11 2
11 4
11 11
11 21
11 31
11 33
11 34
11 35
11 36
11 37
11 40
11 41
11 43
11 45
11 47
11 54
11 57
11 62
11 63
11 67
11 69
11 73
11 75
11 84
11 88
11 89
11 94
11 100
11 105
11 107
11 108
11 117
11 119
11 124
11 127
11 128
11 130
11 131
11 132
11 134
11 135
11 136
11 138
11 140
11 141
11 143
11 144
11 147
11 149
11 152
11 157
12 8
12 12
12 14
12 15
12 16
12 18
12 20
12 22
12 24
12 26
12 31
12 35
12 40
12 41
12 42
12 43
12 50
12 59
12 60
12 62
12 67
12 74
12 80
12 87
12 91
12 92
12 95
12 101
12 105
12 111
12 112
12 116
12 120
12 122
12 123
12 126
12 128
12 131
12 135
12 139
12 140
12 143
12 153
12 154
12 155
12 157
13 2
13 3
13 6
13 7
13 10
13 13
13 14
13 16
13 17
13 19
13 20
13 21
13 23
13 29
13 39
13 41
13 42
13 46
13 49
13 50
13 51
13 52
13 54
13 58
13 63
13 65
13 68
13 70
13 71
13 73
13 81
13 83
13 87
13 88
13 90
13 93
13 95
13 98
13 104
13 105
13 106
13 107
13 109
13 110
13 118
13 123
13 124
13 128
13 133
13 135
13 137
13 138
13 139
13 140
13 141
13 146
13 150
13 156
14 1
14 3
14 6
14 14
14 15
14 19
14 20
14 21
14 22
14 28
14 30
14 39
14 52
14 53
14 60
14 62
14 64
14 66
14 70
14 71
14 74
14 76
14 78
14 81
14 82
14 89
14 91
14 94
14 96
14 98
14 100
14 103
14 108
14 109
14 112
14 113
14 114
14 117
14 118
14 124
14 125
14 126
14 129
14 135
14 138
14 140
14 143
14 145
14 148
14 149
14 150
14 151
14 155
14 156
15 1
15 3
15 5
15 7
15 13
15 17
15 18
15 22
15 25
15 27
15 28
15 30
15 31
15 33
15 41
15 42
15 46
15 47
15 49
15 50
15 51
15 52
15 53
15 56
15 57
15 59
15 61
15 62
15 68
15 70
15 71
15 72
15 73
15 75
15 77
15 78
15 81
15 83
15 84
15 86
15 87
15 88
15 90
15 91
15 96
15 97
15 98
15 99
15 104
15 105
15 107
15 109
15 110
15 115
15 120
15 121
15 122
15 125
15 129
15 131
15 133
15 136
15 139
15 145
15 149
15 151
15 154
16 7
16 9
16 14
16 16
16 20
16 24
16 27
16 29
16 33
16 36
16 37
16 38
16 41
16 43
16 47
16 49
16 53
16 56
16 57
16 62
16 63
16 73
16 74
16 75
16 80
16 83
16 89
16 94
16 99
16 111
16 112
16 116
16 117
16 118
16 120
16 121
16 123
16 124
16 127
16 133
16 142
16 144
16 145
16 146
16 150
16 152
16 157
17 1
17 2
17 5
17 7
17 8
17 10
17 25
17 27
17 31
17 37
17 40
17 44
17 46
17 51
17 53
17 61
17 63
17 70
17 74
17 76
17 78
17 81
17 82
17 83
17 84
17 95
17 97
17 99
17 102
17 113
17 116
17 118
17 122
17 123
17 124
17 126
17 127
17 129
17 133
17 139
17 140
17 141
17 142
17 145
17 148
17 149
17 153
17 154
18 3
18 7
18 9
18 12
18 17
18 19
18 28
18 33
18 34
18 36
18 38
18 40
18 44
18 46
18 51
18 56
18 60
18 64
18 67
18 69
18 70
18 72
18 75
18 78
18 85
18 86
18 88
18 91
18 95
18 96
18 101
18 102
18 105
18 108
18 110
18 111
18 113
18 119
18 120
18 121
18 124
18 131
18 135
18 138
18 145
18 146
18 150
18 152
18 157
19 1
19 2
19 4
19 9
19 11
19 16
19 17
19 19
19 25
19 30
19 31
19 32
19 37
19 39
19 42
19 43
19 50
19 51
19 52
19 53
19 55
19 56
19 58
19 60
19 65
19 71
19 72
19 73
19 77
19 82
19 92
19 95
19 99
19 100
19 101
19 102
19 108
19 110
19 111
19 117
19 121
19 124
19 126
19 128
19 129
19 130
19 134
19 135
19 136
19 139
19 140
19 144
19 147
19 149
20 9
20 16
20 21
20 26
20 30
20 38
20 39
20 41
20 46
20 48
20 49
20 50
20 59
20 61
20 62
20 64
20 67
20 71
20 72
20 76
20 81
20 85
20 86
20 88
20 89
20 90
20 92
20 93
20 94
20 95
20 97
20 98
20 102
20 103
20 104
20 106
20 108
20 111
20 112
20 114
20 116
20 126
20 132
20 134
20 136
20 139
20 140
20 142
20 144
20 147
20 152
20 153
21 1
21 2
21 7
21 17
21 20
21 23
21 27
21 31
21 32
21 33
21 35
21 41
21 53
21 55
21 57
21 58
21 59
21 61
21 64
21 66
21 68
21 73
21 74
21 81
21 87
21 88
21 89
21 90
21 94
21 96
21 98
21 101
21 107
21 110
21 113
21 118
21 119
21 124
21 125
21 126
21 131
21 134
21 136
21 140
21 141
21 145
21 148
21 150
21 151
21 153
22 5
22 9
22 10
22 13
22 18
22 19
22 20
22 23
22 30
22 36
22 37
22 44
22 50
22 52
22 55
22 57
22 60
22 73
22 86
22 88
22 90
22 93
22 94
22 101
22 105
22 108
22 109
22 112
22 115
22 119
22 120
22 121
22 123
22 124
22 128
22 129
22 131
22 136
22 140
22 141
22 143
22 144
22 149
22 151
23 1
23 2
23 12
23 13
23 15
23 19
23 21
23 23
23 25
23 26
23 27
23 31
23 33
23 34
23 40
23 41
23 47
23 52
23 53
23 56
23 62
23 64
23 66
23 71
23 73
23 74
23 76
23 78
23 83
23 87
23 89
23 91
23 95
23 98
23 100
23 101
23 111
23 116
23 125
23 128
23 132
23 133
23 134
23 137
23 139
23 140
23 142
23 145
23 149
23 153
23 156
24 1
24 2
24 12
24 18
24 22
24 24
24 27
24 29
24 31
24 40
24 42
24 44
24 46
24 52
24 53
24 57
24 58
24 63
24 65
24 70
24 72
24 77
24 79
24 92
24 93
24 94
24 95
24 98
24 101
24 102
24 105
24 106
24 108
24 109
24 110
24 115
24 116
24 117
24 118
24 119
24 123
24 125
24 126
24 127
24 132
24 134
24 137
24 139
24 140
24 145
24 146
24 147
24 148
24 149
24 150
24 151
24 154
25 5
25 8
25 11
25 13
25 15
25 18
25 19
25 24
25 26
25 28
25 29
25 30
25 32
25 40
25 41
25 50
25 56
25 57
25 61
25 62
25 64
25 65
25 66
25 67
25 74
25 76
25 77
25 79
25 80
25 81
25 84
25 87
25 90
25 93
25 96
25 100
25 103
25 109
25 113
25 116
25 118
25 119
25 120
25 121
25 126
25 128
25 135
25 141
25 146
25 147
25 149
25 150
25 151
25 152
25 154
25 155
26 3
26 4
26 11
26 12
26 18
26 22
26 28
26 31
26 34
26 37
26 38
26 39
26 40
26 45
26 48
26 50
26 51
26 53
26 54
26 55
26 56
26 57
26 59
26 60
26 62
26 69
26 71
26 77
26 78
26 85
26 87
26 95
26 96
26 97
26 100
26 101
26 103
26 104
26 105
26 110
26 112
26 120
26 125
26 126
26 128
26 129
26 141
26 142
26 144
26 145
26 148
26 150
26 151
26 152
26 154
26 155
26 156
26 157
27 2
27 3
27 8
27 9
27 14
27 15
27 17
27 18
27 39
27 40
27 42
27 44
27 46
27 49
27 53
27 55
27 58
27 60
27 62
27 63
27 67
27 76
27 78
27 80
27 83
27 86
27 87
27 96
27 100
27 106
27 108
27 109
27 112
27 119
27 124
27 125
27 128
27 130
27 131
27 135
27 137
27 139
27 142
27 143
27 149
27 153
27 155
28 2
28 8
28 10
28 17
28 24
28 26
28 28
28 30
28 31
28 32
28 34
28 36
28 40
28 46
28 47
28 49
28 51
28 52
28 53
28 56
28 57
28 58
28 63
28 68
28 69
28 72
28 78
28 80
28 82
28 84
28 88
28 89
28 92
28 93
28 98
28 107
28 108
28 112
28 117
28 119
28 121
28 126
28 128
28 129
28 130
28 132
28 138
28 139
28 140
28 142
28 143
28 144
28 147
28 153
28 154
28 155
28 157
29 1
29 2
29 4
29 6
29 8
29 9
29 20
29 22
29 23
29 24
29 28
29 31
29 35
29 36
29 38
29 41
29 44
29 47
29 50
29 56
29 57
29 66
29 67
29 73
29 78
29 82
29 85
29 86
29 88
29 90
29 93
29 97
29 99
29 104
29 107
29 116
29 117
29 118
29 128
29 136
29 140
29 141
29 145
29 148
29 150
29 151
29 153
30 2
30 3
30 5
30 8
30 10
30 17
30 25
30 27
30 29
30 31
30 35
30 45
30 61
30 62
30 65
30 69
30 70
30 71
30 73
30 75
30 76
30 78
30 79
30 88
30 95
30 99
30 102
30 106
30 109
30 110
30 117
30 120
30 129
30 139
30 141
30 142
30 143
30 146
30 147
30 148
30 149
30 150
30 151
30 152
30 153
30 156
31 1
31 2
31 3
31 6
31 7
31 8
31 12
31 13
31 15
31 18
31 21
31 22
31 24
31 29
31 31
31 38
31 40
31 41
31 47
31 52
31 53
31 58
31 63
31 66
31 69
31 73
31 80
31 81
31 88
31 92
31 110
31 117
31 119
31 120
31 121
31 122
31 127
31 128
31 130
31 131
31 133
31 144
31 145
31 146
31 149
31 151
31 155
32 2
32 7
32 11
32 14
32 15
32 18
32 24
32 25
32 27
32 29
32 32
32 33
32 44
32 45
32 46
32 51
32 59
32 60
32 61
32 62
32 68
32 69
32 76
32 77
32 84
32 85
32 97
32 101
32 105
32 115
32 116
32 118
32 121
32 122
32 123
32 125
32 128
32 131
32 132
32 134
32 135
32 143
32 146
32 147
32 151
32 153
32 154
32 156
32 157
33 2
33 4
33 7
33 15
33 17
33 19
33 20
33 21
33 22
33 26
33 29
33 32
33 33
33 37
33 39
33 45
33 54
33 59
33 63
33 65
33 68
33 72
33 73
33 75
33 76
33 78
33 79
33 81
33 82
33 83
33 86
33 88
33 90
33 91
33 97
33 99
33 102
33 103
33 104
33 109
33 110
33 113
33 115
33 120
33 125
33 132
33 135
33 137
33 143
33 144
33 149
33 150
33 153
33 154
33 155
33 157
34 2
34 6
34 8
34 10
34 18
34 20
34 24
34 26
34 30
34 31
34 35
34 36
34 38
34 39
34 40
34 43
34 46
34 51
34 56
34 59
34 60
34 61
34 73
34 74
34 80
34 84
34 89
34 91
34 96
34 103
34 106
34 107
34 110
34 113
34 115
34 118
34 125
34 128
34 129
34 134
34 137
34 141
34 144
34 147
34 154
34 155
35 2
35 5
35 7
35 8
35 10
35 14
35 15
35 16
35 22
35 23
35 25
35 28
35 30
35 32
35 36
35 38
35 41
35 46
35 48
35 49
35 54
35 55
35 56
35 59
35 64
35 65
35 67
35 69
35 72
35 74
35 78
35 82
35 85
35 91
35 92
35 96
35 105
35 106
35 108
35 109
35 112
35 113
35 115
35 116
35 117
35 118
35 120
35 128
35 129
35 133
35 137
35 145
35 147
35 148
35 150
35 154
35 157
36 2
36 5
36 10
36 12
36 15
36 16
36 19
36 20
36 21
36 22
36 27
36 28
36 32
36 37
36 45
36 50
36 54
36 55
36 57
36 58
36 61
36 63
36 65
36 66
36 67
36 69
36 73
36 78
36 79
36 80
36 82
36 83
36 84
36 91
36 94
36 95
36 96
36 98
36 100
36 102
36 106
36 108
36 110
36 113
36 114
36 120
36 124
36 126
36 127
36 128
36 130
36 134
36 136
36 139
36 142
36 144
36 145
36 147
36 153
37 2
37 5
37 7
37 12
37 14
37 15
37 17
37 18
37 20
37 21
37 24
37 27
37 29
37 31
37 35
37 40
37 41
37 51
37 56
37 57
37 59
37 61
37 62
37 63
37 68
37 69
37 73
37 75
37 76
37 77
37 81
37 83
37 87
37 88
37 94
37 95
37 96
37 97
37 102
37 105
37 106
37 107
37 109
37 114
37 115
37 120
37 123
37 130
37 134
37 140
37 142
37 143
37 145
37 148
37 149
37 150
37 154
37 156
38 3
38 4
38 8
38 9
38 12
38 13
38 14
38 16
38 17
38 21
38 23
38 31
38 33
38 36
38 37
38 46
38 48
38 52
38 53
38 57
38 58
38 59
38 60
38 71
38 73
38 75
38 76
38 81
38 83
38 86
38 87
38 88
38 89
38 96
38 103
38 104
38 105
38 107
38 110
38 113
38 116
38 117
38 119
38 126
38 132
38 133
38 138
38 141
38 143
38 144
38 153
38 154
38 156
38 157
39 9
39 15
39 17
39 24
39 26
39 27
39 39
39 46
39 54
39 55
39 59
39 60
39 61
39 64
39 67
39 75
39 78
39 80
39 81
39 83
39 91
39 94
39 97
39 101
39 102
39 104
39 105
39 107
39 113
39 114
39 119
39 120
39 123
39 125
39 128
39 134
39 144
39 145
39 150
39 152
39 155
40 2
40 7
40 12
40 15
40 17
40 20
40 21
40 23
40 26
40 33
40 34
40 38
40 39
40 42
40 44
40 48
40 49
40 54
40 56
40 58
40 62
40 69
40 72
40 75
40 76
40 77
40 78
40 81
40 84
40 90
40 96
40 99
40 100
40 106
40 111
40 112
40 114
40 117
40 118
40 120
40 122
40 125
40 141
40 144
40 147
40 151
40 155
41 4
41 5
41 11
41 14
41 17
41 22
41 24
41 26
41 27
41 29
41 30
41 31
41 35
41 36
41 37
41 39
41 42
41 44
41 49
41 54
41 56
41 59
41 61
41 70
41 71
41 78
41 82
41 83
41 84
41 90
41 92
41 96
41 97
41 99
41 100
41 101
41 105
41 110
41 114
41 116
41 118
41 121
41 125
41 130
41 133
41 140
41 147
41 149
41 152
42 14
42 16
42 19
42 22
42 27
42 30
42 33
42 36
42 42
42 48
42 50
42 51
42 52
42 53
42 55
42 56
42 59
42 63
42 64
42 65
42 66
42 69
42 70
42 79
42 80
42 81
42 86
42 88
42 89
42 93
42 97
42 100
42 104
42 105
42 111
42 113
42 115
42 116
42 120
42 122
42 127
42 128
42 130
42 136
42 139
42 140
42 141
42 143
42 145
42 148
42 156
43 2
43 5
43 10
43 12
43 16
43 17
43 20
43 22
43 25
43 29
43 34
43 35
43 37
43 38
43 39
43 40
43 45
43 46
43 48
43 50
43 54
43 55
43 58
43 59
43 64
43 65
43 66
43 69
43 72
43 76
43 77
43 83
43 84
43 85
43 86
43 91
43 98
43 101
43 103
43 105
43 111
43 112
43 116
43 119
43 121
43 126
43 129
43 130
43 134
43 138
43 139
43 140
43 141
43 142
43 147
43 148
43 152
43 154
44 2
44 6
44 8
44 9
44 12
44 15
44 16
44 17
44 18
44 19
44 20
44 23
44 25
44 27
44 29
44 30
44 32
44 33
44 35
44 36
44 37
44 42
44 43
44 44
44 45
44 51
44 52
44 55
44 60
44 62
44 67
44 68
44 70
44 73
44 76
44 77
44 82
44 87
44 89
44 91
44 99
44 104
44 106
44 109
44 111
44 113
44 114
44 118
44 119
44 123
44 124
44 125
44 131
44 136
44 140
44 141
44 146
44 148
44 151
44 154
44 155
45 2
45 3
45 9
45 17
45 18
45 19
45 22
45 24
45 25
45 27
45 29
45 32
45 34
45 39
45 40
45 42
45 44
45 47
45 51
45 52
45 53
45 55
45 56
45 58
45 60
45 62
45 67
45 68
45 69
45 73
45 75
45 76
45 77
45 79
45 82
45 83
45 84
45 86
45 87
45 95
45 97
45 98
45 99
45 100
45 102
45 110
45 113
45 114
45 116
45 121
45 122
45 123
45 124
45 132
45 136
45 139
45 140
45 146
45 153
45 154
45 157
46 1
46 5
46 6
46 8
46 10
46 15
46 16
46 19
46 21
46 22
46 24
46 31
46 33
46 35
46 36
46 38
46 42
46 43
46 44
46 45
46 46
46 52
46 53
46 58
46 61
46 62
46 65
46 71
46 74
46 81
46 82
46 87
46 89
46 90
46 91
46 95
46 97
46 99
46 104
46 105
46 106
46 110
46 112
46 114
46 115
46 116
46 123
46 124
46 126
46 127
46 132
46 133
46 134
46 137
46 149
46 150
46 151
46 157
47 2
47 4
47 12
47 13
47 14
47 22
47 25
47 29
47 31
47 32
47 33
47 37
47 38
47 45
47 46
47 47
47 49
47 54
47 55
47 57
47 58
47 59
47 61
47 65
47 66
47 67
47 68
47 71
47 72
47 73
47 79
47 80
47 82
47 89
47 95
47 96
47 98
47 100
47 101
47 105
47 106
47 107
47 108
47 111
47 121
47 123
47 125
47 128
47 132
47 137
47 139
47 140
47 141
47 142
47 144
47 145
47 150
47 152
47 153
47 154
47 155
47 156
48 6
48 7
48 9
48 11
48 12
48 14
48 15
48 18
48 20
48 22
48 24
48 32
48 35
48 42
48 43
48 48
48 49
48 50
48 54
48 57
48 58
48 60
48 62
48 67
48 73
48 74
48 76
48 80
48 81
48 85
48 87
48 92
48 97
48 98
48 109
48 114
48 117
48 124
48 126
48 128
48 130
48 133
48 135
48 138
48 143
48 147
48 153
48 156
48 157
49 2
49 4
49 7
49 9
49 11
49 14
49 18
49 20
49 35
49 38
49 39
49 43
49 44
49 45
49 46
49 48
49 49
49 51
49 52
49 54
49 55
49 56
49 57
49 61
49 62
49 66
49 67
49 72
49 73
49 74
49 82
49 84
49 85
49 90
49 93
49 96
49 101
49 105
49 107
49 108
49 110
49 112
49 114
49 117
49 118
49 122
49 126
49 128
49 137
49 138
49 139
49 140
49 141
49 142
49 146
49 147
49 148
49 149
49 150
49 151
49 156
49 157
50 2
50 6
50 10
50 13
50 14
50 16
50 17
50 18
50 19
50 20
50 22
50 23
50 24
50 27
50 30
50 33
50 38
50 44
50 46
50 47
50 48
50 50
50 56
50 60
50 61
50 63
50 67
50 68
50 79
50 85
50 89
50 94
50 96
50 98
50 99
50 101
50 106
50 109
50 110
50 111
50 114
50 120
50 125
50 126
50 127
50 131
50 133
50 134
50 135
50 138
50 139
50 141
50 145
50 148
50 152
50 154
50 155
51 1
51 7
51 8
51 10
51 14
51 15
51 16
51 19
51 22
51 28
51 29
51 30
51 33
51 36
51 37
51 38
51 39
51 40
51 44
51 46
51 60
51 61
51 63
51 67
51 68
51 72
51 73
51 74
51 78
51 79
51 80
51 81
51 82
51 83
51 84
51 103
51 105
51 110
51 111
51 117
51 119
51 125
51 128
51 130
51 133
51 134
51 135
51 140
51 146
51 148
51 151
51 152
51 155
51 156
51 157
52 3
52 6
52 8
52 10
52 14
52 18
52 22
52 27
52 39
52 41
52 44
52 48
52 54
52 56
52 60
52 64
52 65
52 74
52 75
52 84
52 86
52 87
52 89
52 93
52 97
52 103
52 107
52 114
52 115
52 120
52 121
52 123
52 131
52 135
52 142
52 145
52 147
52 148
52 152
52 157
53 1
53 2
53 4
53 5
53 7
53 12
53 14
53 15
53 18
53 19
53 25
53 27
53 31
53 35
53 36
53 45
53 50
53 51
53 56
53 57
53 60
53 63
53 74
53 76
53 78
53 80
53 81
53 84
53 86
53 89
53 91
53 93
53 94
53 96
53 105
53 106
53 108
53 112
53 115
53 116
53 122
53 126
53 129
53 138
53 139
53 143
53 144
53 148
53 150
53 154
53 157
54 1
54 4
54 5
54 8
54 10
54 16
54 17
54 19
54 26
54 27
54 28
54 33
54 34
54 38
54 39
54 44
54 49
54 53
54 54
54 56
54 57
54 61
54 62
54 64
54 66
54 67
54 76
54 79
54 83
54 87
54 88
54 92
54 99
54 103
54 105
54 112
54 114
54 120
54 123
54 126
54 128
54 131
54 134
54 137
54 142
54 145
54 148
54 151
54 153
54 156
54 157
55 1
55 2
55 4
55 5
55 7
55 8
55 21
55 23
55 29
55 33
55 35
55 38
55 39
55 47
55 49
55 56
55 57
55 59
55 62
55 64
55 67
55 70
55 78
55 79
55 81
55 86
55 89
55 94
55 96
55 97
55 101
55 104
55 107
55 111
55 118
55 120
55 121
55 122
55 125
55 131
55 135
55 137
55 140
55 142
55 146
55 149
55 152
56 1
56 2
56 7
56 8
56 9
56 10
56 11
56 13
56 15
56 17
56 18
56 21
56 22
56 25
56 28
56 30
56 33
56 35
56 43
56 45
56 50
56 51
56 59
56 64
56 66
56 77
56 78
56 82
56 84
56 86
56 87
56 88
56 90
56 91
56 97
56 98
56 99
56 103
56 106
56 107
56 108
56 110
56 111
56 113
56 114
56 115
56 117
56 119
56 120
56 122
56 127
56 129
56 131
56 132
56 136
56 139
56 141
56 149
56 150
56 155
57 9
57 10
57 14
57 16
57 18
57 19
57 23
57 25
57 29
57 31
57 35
57 37
57 38
57 41
57 43
57 50
57 52
57 53
57 68
57 71
57 73
57 81
57 82
57 84
57 87
57 88
57 93
57 94
57 95
57 107
57 108
57 109
57 110
57 111
57 112
57 114
57 116
57 117
57 122
57 123
57 124
57 128
57 129
57 131
57 133
57 134
57 144
57 146
57 150
57 152
57 154
57 156
57 157
58 8
58 14
58 16
58 21
58 23
58 26
58 30
58 32
58 34
58 35
58 37
58 38
58 42
58 44
58 46
58 47
58 49
58 52
58 60
58 65
58 67
58 70
58 74
58 75
58 78
58 79
58 91
58 94
58 96
58 97
58 98
58 103
58 105
58 106
58 107
58 111
58 115
58 124
58 125
58 128
58 130
58 131
58 132
58 135
58 136
58 137
58 144
58 148
58 150
58 151
58 155
58 156
59 1
59 2
59 3
59 7
59 9
59 10
59 12
59 17
59 19
59 24
59 26
59 27
59 30
59 34
59 38
59 39
59 44
59 47
59 49
59 50
59 53
59 60
59 62
59 63
59 64
59 69
59 73
59 77
59 80
59 84
59 88
59 97
59 98
59 103
59 106
59 110
59 117
59 118
59 119
59 121
59 124
59 128
59 130
59 133
59 135
59 137
59 143
59 145
60 2
60 3
60 4
60 5
60 12
60 13
60 14
60 16
60 18
60 28
60 31
60 34
60 35
60 38
60 50
60 53
60 54
60 62
60 63
60 65
60 70
60 77
60 85
60 90
60 91
60 96
60 97
60 100
60 103
60 107
60 108
60 113
60 114
60 119
60 120
60 125
60 128
60 131
60 134
60 138
60 140
60 145
60 151
60 152
61 1
61 4
61 12
61 18
61 19
61 20
61 22
61 29
61 30
61 31
61 33
61 42
61 43
61 44
61 45
61 51
61 55
61 56
61 57
61 69
61 72
61 73
61 75
61 76
61 79
61 87
61 89
61 96
61 98
61 99
61 104
61 106
61 107
61 111
61 112
61 115
61 116
61 125
61 126
61 129
61 134
61 135
61 139
61 151
61 153
61 155
61 156
62 7
62 8
62 9
62 14
62 15
62 16
62 18
62 20
62 23
62 29
62 33
62 34
62 35
62 39
62 43
62 46
62 48
62 50
62 53
62 56
62 64
62 66
62 71
62 73
62 74
62 75
62 76
62 79
62 82
62 87
62 97
62 101
62 105
62 106
62 107
62 109
62 110
62 112
62 116
62 118
62 122
62 124
62 126
62 127
62 130
62 132
62 134
62 136
62 140
62 147
62 149
62 152
62 153
62 155
63 1
63 5
63 9
63 12
63 13
63 14
63 15
63 17
63 21
63 22
63 26
63 27
63 30
63 36
63 38
63 39
63 43
63 46
63 49
63 52
63 54
63 59
63 64
63 66
63 68
63 69
63 70
63 71
63 73
63 74
63 75
63 81
63 82
63 85
63 86
63 88
63 91
63 92
63 98
63 99
63 110
63 111
63 116
63 118
63 119
63 121
63 123
63 128
63 129
63 133
63 136
63 137
63 139
63 143
63 144
63 145
63 146
63 147
63 148
63 149
64 3
64 8
64 10
64 11
64 15
64 16
64 18
64 21
64 22
64 23
64 26
64 34
64 38
64 40
64 41
64 47
64 49
64 64
64 66
64 69
64 78
64 81
64 82
64 86
64 87
64 95
64 97
64 99
64 105
64 125
64 129
64 131
64 132
64 135
64 139
64 141
64 142
64 145
64 146
64 148
64 150
64 155
65 2
65 5
65 6
65 7
65 12
65 13
65 16
65 22
65 23
65 24
65 28
65 30
65 31
65 32
65 41
65 42
65 43
65 44
65 45
65 52
65 59
65 64
65 65
65 70
65 77
65 79
65 80
65 83
65 85
65 86
65 90
65 91
65 94
65 105
65 106
65 113
65 115
65 116
65 117
65 119
65 121
65 124
65 126
65 127
65 128
65 129
65 130
65 138
65 140
65 143
65 146
65 148
65 151
65 156
66 1
66 2
66 5
66 6
66 7
66 13
66 16
66 21
66 22
66 24
66 25
66 26
66 29
66 33
66 35
66 36
66 38
66 39
66 42
66 46
66 47
66 48
66 50
66 51
66 53
66 54
66 55
66 63
66 64
66 66
66 67
66 69
66 76
66 81
66 82
66 84
66 85
66 89
66 90
66 92
66 101
66 103
66 107
66 108
66 110
66 111
66 115
66 117
66 119
66 120
66 122
66 124
66 127
66 128
66 129
66 130
66 131
66 133
66 139
66 141
66 144
66 145
66 146
66 147
66 148
66 154
67 3
67 10
67 11
67 14
67 16
67 24
67 25
67 27
67 28
67 37
67 41
67 43
67 45
67 46
67 49
67 54
67 56
67 58
67 59
67 60
67 64
67 66
67 69
67 73
67 75
67 79
67 82
67 83
67 84
67 86
67 89
67 90
67 91
67 93
67 95
67 96
67 97
67 103
67 104
67 105
67 107
67 112
67 114
67 115
67 116
67 120
67 127
67 129
67 133
67 138
67 142
67 150
68 2
68 4
68 5
68 10
68 19
68 20
68 22
68 26
68 27
68 28
68 29
68 32
68 33
68 34
68 35
68 40
68 42
68 49
68 52
68 53
68 56
68 58
68 63
68 64
68 67
68 68
68 73
68 75
68 76
68 79
68 81
68 85
68 86
68 87
68 93
68 94
68 100
68 103
68 104
68 106
68 107
68 109
68 118
68 119
68 121
68 122
68 126
68 128
68 130
68 138
68 143
68 144
68 145
68 146
68 147
68 148
68 150
68 151
68 152
68 153
68 155
69 3
69 4
69 6
69 10
69 12
69 16
69 24
69 25
69 30
69 31
69 33
69 35
69 36
69 37
69 38
69 42
69 44
69 47
69 56
69 62
69 63
69 65
69 67
69 70
69 75
69 76
69 81
69 83
69 93
69 96
69 102
69 103
69 104
69 105
69 109
69 110
69 113
69 117
69 119
69 124
69 132
69 137
69 138
69 139
69 141
69 144
69 148
69 152
69 153
69 155
69 156
70 1
70 2
70 4
70 5
70 7
70 12
70 14
70 19
70 25
70 26
70 27
70 28
70 29
70 30
70 32
70 35
70 37
70 40
70 41
70 42
70 46
70 48
70 49
70 53
70 56
70 60
70 62
70 63
70 70
70 71
70 73
70 78
70 79
70 83
70 89
70 94
70 96
70 100
70 104
70 105
70 106
70 109
70 116
70 119
70 123
70 124
70 125
70 128
70 131
70 132
70 133
70 144
70 147
70 151
70 153
70 156
71 2
71 8
71 11
71 12
71 13
71 15
71 16
71 22
71 23
71 25
71 26
71 27
71 34
71 36
71 37
71 45
71 48
71 52
71 54
71 62
71 64
71 66
71 67
71 68
71 69
71 71
71 83
71 85
71 86
71 87
71 91
71 92
71 93
71 96
71 98
71 99
71 100
71 105
71 107
71 109
71 116
71 118
71 122
71 125
71 126
71 138
71 141
71 143
71 145
71 147
71 151
72 4
72 5
72 6
72 7
72 10
72 18
72 20
72 28
72 31
72 36
72 37
72 39
72 41
72 44
72 45
72 47
72 53
72 57
72 61
72 62
72 63
72 65
72 69
72 78
72 83
72 84
72 88
72 90
72 95
72 96
72 102
72 111
72 115
72 116
72 120
72 123
72 127
72 129
72 132
72 135
72 136
72 140
72 142
72 145
72 146
72 147
72 149
72 151
72 155
72 156
73 2
73 3
73 4
73 8
73 11
73 15
73 16
73 17
73 19
73 21
73 25
73 26
73 27
73 28
73 37
73 38
73 39
73 41
73 42
73 47
73 48
73 50
73 51
73 53
73 54
73 55
73 58
73 60
73 62
73 64
73 66
73 68
73 71
73 74
73 76
73 78
73 81
73 85
73 86
73 87
73 88
73 109
73 110
73 112
73 113
73 116
73 118
73 119
73 121
73 124
73 128
73 129
73 131
73 133
73 134
73 138
73 139
73 140
73 142
73 143
73 149
73 150
73 151
73 152
73 153
74 8
74 13
74 14
74 16
74 17
74 19
74 21
74 24
74 26
74 28
74 31
74 39
74 41
74 44
74 45
74 51
74 53
74 54
74 57
74 62
74 64
74 73
74 74
74 78
74 81
74 87
74 89
74 93
74 94
74 96
74 98
74 100
74 106
74 108
74 109
74 113
74 120
74 125
74 126
74 130
74 135
74 145
74 147
74 154
74 157
75 1
75 2
75 4
75 5
75 9
75 11
75 12
75 13
75 14
75 15
75 16
75 20
75 22
75 26
75 28
75 31
75 33
75 37
75 38
75 44
75 47
75 51
75 58
75 63
75 64
75 67
75 70
75 73
75 79
75 83
75 90
75 91
75 93
75 98
75 105
75 114
75 116
75 118
75 119
75 122
75 128
75 130
75 133
75 137
75 144
75 147
75 150
75 153
75 156
76 1
76 2
76 3
76 4
76 11
76 12
76 15
76 17
76 20
76 22
76 32
76 33
76 35
76 37
76 38
76 40
76 41
76 43
76 49
76 53
76 55
76 57
76 58
76 59
76 61
76 63
76 79
76 83
76 84
76 85
76 86
76 89
76 93
76 94
76 98
76 104
76 106
76 111
76 114
76 118
76 121
76 124
76 127
76 129
76 130
76 133
76 137
76 142
76 153
76 154
76 156
77 1
77 3
77 8
77 12
77 16
77 18
77 19
77 21
77 24
77 28
77 32
77 33
77 35
77 42
77 44
77 46
77 48
77 50
77 52
77 55
77 56
77 58
77 63
77 68
77 70
77 71
77 74
77 75
77 77
77 80
77 82
77 83
77 84
77 86
77 88
77 91
77 92
77 97
77 101
77 105
77 106
77 107
77 108
77 110
77 111
77 113
77 114
77 115
77 119
77 120
77 122
77 130
77 131
77 132
77 135
77 139
77 141
77 146
77 147
77 149
77 150
77 151
77 153
77 156
78 1
78 2
78 4
78 7
78 10
78 15
78 16
78 18
78 19
78 20
78 21
78 23
78 30
78 34
78 36
78 39
78 41
78 44
78 45
78 48
78 51
78 61
78 62
78 66
78 68
78 70
78 71
78 77
78 83
78 85
78 86
78 89
78 90
78 107
78 113
78 117
78 120
78 121
78 125
78 127
78 130
78 131
78 134
78 135
78 137
78 139
78 141
78 144
78 145
78 154
78 157
79 15
79 16
79 19
79 35
79 41
79 43
79 46
79 47
79 48
79 50
79 56
79 57
79 62
79 65
79 66
79 68
79 71
79 72
79 73
79 75
79 77
79 80
79 87
79 91
79 94
79 95
79 96
79 99
79 101
79 103
79 111
79 112
79 116
79 117
79 118
79 119
79 120
79 123
79 127
79 129
79 132
79 135
79 137
79 147
79 148
79 149
79 151
79 152
79 155
79 157
80 2
80 4
80 5
80 6
80 9
80 11
80 14
80 19
80 20
80 23
80 24
80 25
80 27
80 35
80 37
80 39
80 46
80 49
80 52
80 54
80 58
80 62
80 63
80 65
80 66
80 68
80 69
80 71
80 78
80 87
80 90
80 95
80 101
80 102
80 103
80 109
80 111
80 112
80 115
80 116
80 117
80 118
80 121
80 123
80 129
80 131
80 132
80 134
80 138
80 141
80 144
80 146
80 148
80 152
80 154
80 156
81 1
81 2
81 7
81 9
81 12
81 17
81 19
81 25
81 26
81 30
81 37
81 38
81 41
81 45
81 48
81 49
81 52
81 54
81 56
81 64
81 68
81 70
81 72
81 75
81 76
81 88
81 90
81 91
81 93
81 97
81 100
81 103
81 106
81 109
81 110
81 116
81 119
81 120
81 121
81 124
81 129
81 130
81 131
81 132
81 133
81 139
81 143
81 148
81 149
81 150
81 151
81 152
81 153
82 2
82 3
82 5
82 6
82 7
82 9
82 10
82 14
82 17
82 18
82 20
82 23
82 25
82 26
82 27
82 29
82 31
82 34
82 35
82 41
82 53
82 54
82 57
82 63
82 64
82 69
82 71
82 72
82 77
82 81
82 85
82 87
82 92
82 97
82 99
82 102
82 104
82 107
82 110
82 111
82 114
82 117
82 121
82 127
82 128
82 135
82 138
82 139
82 141
82 143
82 144
82 145
82 147
82 149
82 151
82 152
82 155
83 1
83 4
83 7
83 11
83 13
83 19
83 21
83 22
83 23
83 24
83 25
83 27
83 30
83 37
83 42
83 43
83 45
83 48
83 52
83 53
83 54
83 55
83 56
83 57
83 59
83 61
83 62
83 63
83 65
83 71
83 76
83 78
83 79
83 83
83 84
83 85
83 90
83 92
83 93
83 96
83 98
83 100
83 104
83 106
83 107
83 109
83 110
83 116
83 120
83 126
83 127
83 129
83 130
83 135
83 137
83 142
83 145
83 148
83 151
83 152
83 155
83 156
84 3
84 7
84 15
84 16
84 19
84 20
84 23
84 27
84 32
84 34
84 46
84 47
84 52
84 57
84 63
84 65
84 69
84 73
84 75
84 78
84 79
84 82
84 85
84 91
84 104
84 107
84 108
84 109
84 110
84 115
84 117
84 127
84 129
84 130
84 132
84 134
84 135
84 136
84 140
84 143
84 144
84 152
84 154
84 156
85 6
85 7
85 10
85 13
85 14
85 16
85 17
85 19
85 20
85 21
85 26
85 27
85 30
85 31
85 37
85 38
85 39
85 40
85 47
85 55
85 59
85 60
85 61
85 62
85 64
85 65
85 66
85 68
85 72
85 77
85 84
85 88
85 95
85 101
85 103
85 104
85 105
85 108
85 109
85 110
85 115
85 116
85 118
85 120
85 121
85 128
85 129
85 132
85 133
85 144
85 148
85 150
86 3
86 5
86 13
86 23
86 29
86 31
86 32
86 38
86 39
86 40
86 42
86 43
86 47
86 54
86 60
86 61
86 62
86 63
86 64
86 66
86 75
86 82
86 85
86 90
86 96
86 99
86 102
86 104
86 105
86 112
86 114
86 117
86 118
86 119
86 121
86 125
86 126
86 127
86 129
86 131
86 132
86 137
86 139
86 141
86 143
86 144
86 145
86 150
87 1
87 3
87 5
87 6
87 9
87 14
87 18
87 19
87 21
87 22
87 23
87 26
87 29
87 33
87 36
87 40
87 41
87 44
87 49
87 53
87 54
87 56
87 58
87 59
87 63
87 64
87 67
87 69
87 80
87 84
87 87
87 88
87 90
87 91
87 97
87 98
87 103
87 104
87 106
87 111
87 114
87 116
87 119
87 120
87 121
87 125
87 128
87 133
87 135
87 144
87 146
87 148
87 149
88 1
88 6
88 7
88 12
88 16
88 17
88 18
88 23
88 24
88 26
88 29
88 32
88 34
88 37
88 41
88 43
88 44
88 46
88 48
88 49
88 50
88 51
88 52
88 54
88 55
88 56
88 57
88 58
88 59
88 60
88 62
88 69
88 72
88 75
88 77
88 79
88 80
88 81
88 84
88 89
88 90
88 92
88 94
88 99
88 100
88 103
88 104
88 106
88 107
88 110
88 114
88 121
88 122
88 125
88 127
88 128
88 131
88 132
88 133
88 135
88 139
88 141
88 144
88 146
88 153
88 154
89 1
89 4
89 6
89 8
89 9
89 16
89 19
89 20
89 24
89 26
89 28
89 29
89 31
89 32
89 35
89 37
89 39
89 42
89 45
89 47
89 54
89 56
89 59
89 62
89 64
89 65
89 66
89 68
89 70
89 72
89 73
89 76
89 80
89 81
89 85
89 86
89 88
89 90
89 94
89 99
89 102
89 103
89 105
89 114
89 116
89 120
89 121
89 124
89 125
89 134
89 138
89 144
89 153
89 154
89 156
90 1
90 2
90 3
90 6
90 8
90 14
90 20
90 21
90 24
90 34
90 40
90 42
90 43
90 44
90 51
90 54
90 58
90 59
90 60
90 61
90 63
90 71
90 72
90 74
90 75
90 80
90 81
90 86
90 87
90 90
90 97
90 99
90 103
90 104
90 105
90 106
90 107
90 108
90 109
90 110
90 112
90 113
90 117
90 120
90 121
90 124
90 127
90 134
90 136
90 138
90 143
90 153
90 154
90 157
91 1
91 2
91 4
91 5
91 7
91 9
91 11
91 13
91 16
91 17
91 18
91 19
91 22
91 23
91 24
91 27
91 29
91 32
91 34
91 37
91 38
91 42
91 48
91 54
91 56
91 57
91 59
91 67
91 70
91 74
91 76
91 79
91 80
91 81
91 84
91 91
91 94
91 98
91 100
91 103
91 106
91 109
91 112
91 114
91 117
91 119
91 121
91 122
91 125
91 129
91 130
91 133
91 134
91 136
91 139
91 140
91 143
91 145
91 152
91 153
91 155
91 156
91 157
92 3
92 4
92 5
92 8
92 11
92 12
92 16
92 17
92 18
92 24
92 26
92 27
92 29
92 32
92 34
92 36
92 41
92 47
92 51
92 52
92 57
92 62
92 63
92 65
92 66
92 67
92 70
92 72
92 75
92 78
92 80
92 83
92 88
92 91
92 94
92 96
92 99
92 101
92 102
92 104
92 105
92 111
92 113
92 114
92 117
92 118
92 119
92 129
92 131
92 132
92 134
92 136
92 137
92 140
92 143
92 144
92 150
92 154
92 155
93 2
93 3
93 7
93 12
93 15
93 16
93 17
93 22
93 26
93 27
93 30
93 34
93 35
93 37
93 41
93 45
93 47
93 48
93 50
93 53
93 54
93 57
93 64
93 65
93 68
93 71
93 81
93 90
93 91
93 95
93 103
93 104
93 107
93 108
93 111
93 115
93 120
93 122
93 125
93 128
93 130
93 131
93 132
93 134
93 136
93 137
93 139
93 141
93 143
93 145
93 148
93 152
93 153
93 154
93 157
94 3
94 4
94 5
94 17
94 18
94 19
94 23
94 25
94 32
94 34
94 36
94 40
94 41
94 48
94 49
94 50
94 51
94 53
94 57
94 71
94 73
94 83
94 85
94 86
94 88
94 91
94 94
94 101
94 103
94 107
94 108
94 109
94 113
94 114
94 116
94 123
94 124
94 125
94 126
94 127
94 151
94 154
94 155
94 156
95 3
95 8
95 12
95 16
95 17
95 22
95 23
95 28
95 34
95 36
95 40
95 41
95 44
95 48
95 51
95 52
95 57
95 59
95 60
95 61
95 64
95 68
95 73
95 75
95 77
95 79
95 83
95 86
95 92
95 93
95 100
95 101
95 102
95 103
95 105
95 108
95 110
95 111
95 118
95 120
95 130
95 131
95 133
95 134
95 138
95 142
95 144
95 145
95 146
95 147
95 148
95 156
96 14
96 15
96 18
96 21
96 22
96 24
96 25
96 29
96 32
96 33
96 35
96 40
96 51
96 55
96 61
96 64
96 65
96 68
96 71
96 72
96 75
96 77
96 79
96 81
96 82
96 86
96 90
96 98
96 101
96 102
96 104
96 110
96 111
96 117
96 118
96 120
96 121
96 122
96 124
96 127
96 128
96 130
96 135
96 141
96 143
96 146
96 148
96 150
96 151
96 154
96 157
97 4
97 13
97 15
97 21
97 22
97 23
97 25
97 29
97 31
97 32
97 35
97 40
97 42
97 43
97 44
97 48
97 49
97 51
97 56
97 60
97 61
97 64
97 67
97 68
97 69
97 73
97 77
97 88
97 95
97 96
97 97
97 98
97 103
97 105
97 108
97 110
97 115
97 121
97 122
97 126
97 139
97 144
97 147
97 148
97 151
97 152
97 154
97 155
97 156
98 6
98 8
98 11
98 17
98 18
98 20
98 36
98 37
98 41
98 44
98 46
98 52
98 54
98 56
98 58
98 60
98 62
98 68
98 69
98 70
98 71
98 74
98 75
98 77
98 80
98 81
98 89
98 92
98 93
98 99
98 100
98 103
98 104
98 108
98 110
98 112
98 113
98 114
98 115
98 116
98 118
98 120
98 121
98 122
98 126
98 127
98 128
98 129
98 130
98 131
98 136
98 139
98 140
98 142
98 150
98 151
98 156
98 157
99 1
99 3
99 4
99 5
99 12
99 13
99 21
99 22
99 31
99 33
99 40
99 41
99 43
99 46
99 47
99 52
99 58
99 61
99 62
99 66
99 68
99 69
99 70
99 72
99 75
99 78
99 85
99 86
99 94
99 98
99 103
99 104
99 106
99 109
99 117
99 122
99 126
99 127
99 128
99 138
99 140
99 142
99 145
99 146
99 148
99 157
100 2
100 5
100 6
100 14
100 19
100 21
100 23
100 25
100 30
100 31
100 32
100 36
100 37
100 38
100 40
100 41
100 47
100 48
100 49
100 51
100 54
100 57
100 58
100 61
100 71
100 75
100 81
100 86
100 88
100 92
100 94
100 97
100 102
100 103
100 107
100 114
100 123
100 127
100 129
100 130
100 137
100 138
100 139
100 149
100 150
100 154
100 156
101 2
101 9
101 12
101 13
101 14
101 18
101 22
101 25
101 26
101 30
101 31
101 32
101 33
101 35
101 41
101 42
101 43
101 45
101 46
101 50
101 52
101 54
101 56
101 58
101 60
101 61
101 62
101 64
101 68
101 74
101 76
101 77
101 78
101 82
101 88
101 91
101 92
101 93
101 94
101 96
101 98
101 99
101 100
101 108
101 109
101 110
101 116
101 121
101 123
101 124
101 126
101 130
101 134
101 137
101 138
101 140
101 141
101 147
101 149
101 152
101 153
101 156
102 2
102 8
102 10
102 13
102 22
102 26
102 28
102 29
102 34
102 36
102 37
102 38
102 40
102 43
102 44
102 45
102 52
102 54
102 55
102 57
102 59
102 60
102 67
102 69
102 76
102 80
102 82
102 83
102 87
102 92
102 93
102 100
102 102
102 109
102 113
102 114
102 116
102 117
102 120
102 122
102 133
102 134
102 135
102 137
102 138
102 140
102 147
102 151
102 152
102 156
102 157
103 2
103 4
103 5
103 8
103 16
103 17
103 22
103 24
103 25
103 26
103 31
103 32
103 33
103 39
103 40
103 41
103 46
103 47
103 48
103 49
103 50
103 52
103 53
103 57
103 61
103 62
103 64
103 65
103 66
103 69
103 72
103 73
103 76
103 77
103 79
103 80
103 81
103 83
103 85
103 94
103 102
103 112
103 115
103 120
103 124
103 127
103 128
103 129
103 131
103 132
103 137
103 141
103 144
103 148
103 151
103 154
104 1
104 2
104 5
104 8
104 16
104 21
104 23
104 25
104 26
104 27
104 29
104 30
104 33
104 35
104 37
104 38
104 40
104 42
104 44
104 47
104 48
104 49
104 53
104 57
104 58
104 65
104 67
104 72
104 80
104 81
104 83
104 85
104 87
104 95
104 98
104 103
104 104
104 107
104 111
104 112
104 114
104 115
104 124
104 126
104 127
104 129
104 130
104 131
104 134
104 135
104 138
104 140
104 141
104 144
104 146
104 153
104 154
105 6
105 7
105 8
105 9
105 10
105 14
105 15
105 16
105 19
105 21
105 26
105 39
105 41
105 43
105 50
105 52
105 55
105 59
105 60
105 61
105 69
105 71
105 79
105 81
105 82
105 83
105 84
105 95
105 97
105 98
105 99
105 101
105 102
105 104
105 115
105 118
105 119
105 122
105 123
105 125
105 126
105 127
105 130
105 131
105 134
105 135
105 137
105 144
105 146
105 147
105 148
105 149
105 155
105 157
106 2
106 4
106 9
106 11
106 16
106 19
106 24
106 27
106 28
106 38
106 39
106 46
106 51
106 54
106 63
106 67
106 68
106 70
106 71
106 77
106 78
106 80
106 81
106 86
106 93
106 97
106 99
106 107
106 108
106 110
106 111
106 113
106 118
106 121
106 126
106 128
106 130
106 132
106 134
106 141
106 144
106 146
106 152
106 153
106 155
107 1
107 3
107 5
107 7
107 10
107 11
107 13
107 16
107 20
107 21
107 29
107 33
107 37
107 38
107 41
107 43
107 45
107 47
107 52
107 55
107 56
107 58
107 61
107 64
107 73
107 77
107 79
107 82
107 85
107 90
107 91
107 92
107 93
107 96
107 97
107 98
107 104
107 105
107 108
107 110
107 111
107 117
107 118
107 120
107 124
107 125
107 127
107 128
107 132
107 137
107 138
107 140
107 143
107 145
107 150
108 1
108 2
108 3
108 6
108 12
108 13
108 14
108 15
108 25
108 26
108 30
108 31
108 39
108 40
108 41
108 55
108 60
108 63
108 65
108 67
108 72
108 73
108 77
108 81
108 87
108 88
108 89
108 91
108 95
108 99
108 100
108 106
108 114
108 115
108 120
108 122
108 124
108 125
108 130
108 132
108 133
108 134
108 135
108 137
108 141
108 144
108 147
108 148
108 150
108 151
108 156
109 1
109 2
109 6
109 10
109 11
109 12
109 14
109 16
109 21
109 22
109 23
109 27
109 29
109 30
109 34
109 42
109 46
109 48
109 50
109 51
109 59
109 64
109 66
109 67
109 68
109 69
109 79
109 80
109 81
109 83
109 88
109 89
109 93
109 94
109 96
109 97
109 102
109 107
109 112
109 117
109 118
109 124
109 126
109 127
109 129
109 131
109 132
109 133
109 134
109 140
109 141
109 145
109 146
109 154
110 1
110 3
110 4
110 5
110 6
110 9
110 11
110 16
110 21
110 22
110 23
110 27
110 31
110 32
110 34
110 35
110 37
110 43
110 44
110 49
110 54
110 55
110 61
110 62
110 65
110 67
110 68
110 73
110 76
110 79
110 80
110 82
110 83
110 87
110 90
110 91
110 95
110 100
110 103
110 104
110 105
110 106
110 107
110 109
110 110
110 111
110 112
110 113
110 117
110 121
110 123
110 126
110 127
110 128
110 129
110 138
110 143
110 145
110 147
110 148
110 149
110 151
110 152
110 154
111 2
111 4
111 5
111 8
111 9
111 10
111 11
111 15
111 16
111 17
111 20
111 23
111 26
111 28
111 32
111 35
111 36
111 37
111 39
111 42
111 48
111 54
111 58
111 59
111 60
111 61
111 64
111 65
111 69
111 70
111 86
111 87
111 93
111 94
111 95
111 96
111 97
111 100
111 102
111 104
111 105
111 109
111 110
111 114
111 115
111 116
111 121
111 122
111 124
111 130
111 131
111 133
111 134
111 135
111 140
111 141
111 145
111 153
111 154
111 155
111 157
112 4
112 11
112 13
112 14
112 18
112 19
112 20
112 21
112 24
112 30
112 48
112 51
112 59
112 62
112 64
112 68
112 74
112 75
112 76
112 80
112 85
112 88
112 93
112 97
112 98
112 99
112 100
112 103
112 111
112 115
112 116
112 120
112 121
112 127
112 131
112 132
112 133
112 136
112 137
112 143
112 146
112 147
112 150
112 151
112 152
112 155
113 1
113 2
113 4
113 6
113 7
113 10
113 11
113 14
113 17
113 21
113 25
113 26
113 30
113 31
113 35
113 38
113 39
113 44
113 47
113 50
113 54
113 55
113 60
113 61
113 63
113 65
113 68
113 69
113 77
113 80
113 81
113 88
113 91
113 93
113 99
113 103
113 109
113 112
113 113
113 119
113 120
113 126
113 128
113 130
113 134
113 136
113 137
113 138
113 140
113 146
113 148
113 149
113 151
113 154
114 2
114 7
114 9
114 11
114 15
114 16
114 18
114 21
114 22
114 26
114 30
114 32
114 35
114 40
114 42
114 48
114 50
114 51
114 55
114 56
114 69
114 71
114 72
114 74
114 75
114 77
114 78
114 79
114 82
114 85
114 87
114 88
114 91
114 99
114 100
114 102
114 104
114 106
114 111
114 118
114 119
114 120
114 121
114 122
114 128
114 129
114 130
114 132
114 138
114 139
114 140
114 147
114 151
114 153
114 157
115 3
115 4
115 5
115 7
115 14
115 16
115 17
115 18
115 21
115 22
115 28
115 29
115 32
115 37
115 48
115 54
115 60
115 62
115 65
115 79
115 87
115 88
115 90
115 96
115 100
115 101
115 103
115 106
115 107
115 108
115 109
115 111
115 125
115 130
115 132
115 133
115 137
115 139
115 148
115 150
115 151
115 152
115 153
115 155
115 157
116 1
116 3
116 4
116 7
116 8
116 9
116 12
116 13
116 14
116 16
116 18
116 19
116 21
116 24
116 32
116 37
116 40
116 44
116 45
116 47
116 52
116 56
116 57
116 68
116 69
116 73
116 78
116 79
116 81
116 82
116 87
116 88
116 95
116 101
116 102
116 104
116 109
116 112
116 117
116 120
116 129
116 130
116 131
116 133
116 134
116 139
116 144
116 147
116 149
116 150
116 151
117 1
117 2
117 3
117 4
117 5
117 7
117 8
117 13
117 16
117 17
117 18
117 19
117 25
117 29
117 31
117 32
117 35
117 37
117 40
117 47
117 58
117 59
117 61
117 63
117 64
117 69
117 70
117 71
117 74
117 76
117 79
117 80
117 83
117 92
117 95
117 97
117 98
117 100
117 104
117 109
117 110
117 122
117 123
117 124
117 125
117 127
117 129
117 130
117 133
117 134
117 136
117 141
117 145
117 148
117 151
117 156
118 2
118 3
118 6
118 9
118 10
118 12
118 17
118 22
118 24
118 29
118 41
118 42
118 45
118 49
118 52
118 56
118 57
118 59
118 66
118 67
118 68
118 70
118 71
118 73
118 74
118 75
118 78
118 84
118 94
118 95
118 96
118 99
118 100
118 101
118 107
118 109
118 114
118 119
118 123
118 131
118 136
118 138
118 139
118 144
118 148
118 150
118 153
118 154
119 3
119 6
119 8
119 15
119 17
119 18
119 20
119 21
119 23
119 26
119 29
119 30
119 32
119 40
119 48
119 49
119 50
119 51
119 60
119 63
119 65
119 66
119 67
119 68
119 73
119 75
119 77
119 78
119 80
119 82
119 84
119 88
119 90
119 92
119 93
119 96
119 97
119 99
119 103
119 105
119 107
119 121
119 122
119 125
119 126
119 129
119 131
119 134
119 146
119 151
119 156
119 157
120 2
120 6
120 9
120 11
120 22
120 23
120 24
120 25
120 31
120 34
120 36
120 39
120 40
120 42
120 44
120 46
120 49
120 52
120 67
120 69
120 73
120 85
120 86
120 88
120 89
120 91
120 93
120 98
120 102
120 105
120 107
120 108
120 119
120 120
120 125
120 127
120 128
120 129
120 130
120 132
120 139
120 140
120 141
120 142
120 145
120 149
120 150
120 153
120 155
121 4
121 5
121 6
121 10
121 14
121 15
121 18
121 28
121 30
121 34
121 36
121 40
121 48
121 55
121 57
121 60
121 63
121 66
121 71
121 73
121 79
121 81
121 84
121 86
121 89
121 90
121 91
121 92
121 93
121 95
121 96
121 100
121 102
121 107
121 110
121 112
121 115
121 124
121 125
121 126
121 132
121 142
121 145
121 149
121 154
121 157
122 1
122 12
122 13
122 14
122 15
122 16
122 17
122 19
122 23
122 27
122 29
122 30
122 31
122 37
122 38
122 40
122 42
122 44
122 45
122 52
122 53
122 57
122 66
122 70
122 76
122 82
122 87
122 91
122 93
122 94
122 100
122 106
122 107
122 111
122 112
122 117
122 119
122 124
122 126
122 128
122 129
122 130
122 136
122 144
122 146
122 147
122 149
122 154
122 155
123 2
123 3
123 4
123 5
123 6
123 14
123 17
123 22
123 23
123 27
123 29
123 31
123 34
123 44
123 50
123 56
123 57
123 61
123 62
123 64
123 66
123 68
123 71
123 77
123 81
123 85
123 86
123 92
123 94
123 95
123 100
123 103
123 104
123 105
123 112
123 117
123 119
123 122
123 125
123 128
123 136
123 138
123 139
123 141
123 142
123 145
123 147
123 148
123 149
123 152
123 157
124 1
124 2
124 4
124 5
124 11
124 13
124 14
124 22
124 25
124 28
124 29
124 30
124 31
124 33
124 34
124 35
124 40
124 41
124 42
124 51
124 53
124 55
124 59
124 60
124 63
124 65
124 70
124 71
124 72
124 74
124 76
124 83
124 84
124 86
124 87
124 89
124 91
124 99
124 105
124 107
124 108
124 111
124 115
124 117
124 122
124 129
124 133
124 134
124 135
124 136
124 137
124 138
124 141
124 143
124 147
124 151
124 153
124 157
125 5
125 6
125 8
125 9
125 15
125 16
125 22
125 23
125 24
125 25
125 26
125 31
125 48
125 49
125 50
125 51
125 57
125 58
125 59
125 64
125 67
125 68
125 70
125 75
125 76
125 77
125 78
125 80
125 82
125 83
125 84
125 85
125 90
125 99
125 100
125 103
125 105
125 107
125 108
125 112
125 113
125 115
125 118
125 127
125 128
125 131
125 140
125 144
125 145
125 148
125 151
125 155
126 4
126 5
126 6
126 13
126 19
126 20
126 21
126 22
126 29
126 31
126 33
126 36
126 39
126 43
126 46
126 51
126 52
126 53
126 58
126 62
126 63
126 65
126 69
126 82
126 89
126 93
126 100
126 102
126 104
126 105
126 111
126 112
126 115
126 118
126 120
126 124
126 125
126 126
126 131
126 133
126 134
126 137
126 139
126 140
126 149
126 150
126 155
127 2
127 4
127 5
127 7
127 13
127 16
127 21
127 22
127 24
127 30
127 35
127 44
127 47
127 48
127 49
127 50
127 54
127 60
127 61
127 62
127 63
127 65
127 67
127 69
127 72
127 82
127 85
127 90
127 93
127 98
127 99
127 105
127 110
127 111
127 114
127 115
127 117
127 119
127 120
127 121
127 124
127 125
127 128
127 139
127 140
127 144
127 145
127 146
127 151
127 157
128 1
128 4
128 5
128 6
128 8
128 9
128 10
128 12
128 15
128 22
128 24
128 27
128 28
128 29
128 34
128 35
128 40
128 44
128 45
128 49
128 50
128 52
128 55
128 61
128 63
128 64
128 71
128 74
128 75
128 77
128 78
128 85
128 87
128 90
128 91
128 92
128 93
128 96
128 97
128 98
128 100
128 105
128 106
128 108
128 113
128 116
128 121
128 122
128 126
128 146
128 147
128 149
128 154
128 155
128 156
128 157
129 2
129 5
129 7
129 9
129 10
129 14
129 16
129 17
129 18
129 20
129 21
129 26
129 29
129 31
129 33
129 36
129 39
129 42
129 51
129 55
129 59
129 63
129 66
129 68
129 69
129 70
129 76
129 82
129 84
129 85
129 86
129 87
129 88
129 91
129 94
129 101
129 102
129 106
129 107
129 115
129 116
129 122
129 127
129 128
129 137
129 145
129 149
129 151
129 154
129 157
130 1
130 2
130 5
130 10
130 12
130 13
130 14
130 15
130 17
130 19
130 22
130 25
130 27
130 29
130 33
130 37
130 39
130 40
130 45
130 47
130 51
130 59
130 60
130 61
130 63
130 68
130 73
130 74
130 76
130 78
130 82
130 85
130 88
130 91
130 92
130 93
130 97
130 101
130 103
130 104
130 107
130 108
130 109
130 113
130 115
130 117
130 119
130 122
130 123
130 124
130 130
130 132
130 141
130 148
130 154
130 155
130 156
131 1
131 4
131 8
131 10
131 11
131 15
131 16
131 17
131 18
131 22
131 28
131 29
131 31
131 34
131 42
131 45
131 47
131 51
131 53
131 55
131 57
131 61
131 64
131 66
131 69
131 79
131 82
131 83
131 84
131 89
131 93
131 96
131 100
131 103
131 106
131 113
131 114
131 115
131 116
131 120
131 121
131 122
131 123
131 124
131 125
131 128
131 130
131 131
131 132
131 134
131 135
131 136
131 138
131 141
131 144
131 146
131 147
131 156
132 4
132 7
132 8
132 11
132 14
132 17
132 18
132 20
132 23
132 25
132 28
132 32
132 34
132 36
132 40
132 41
132 44
132 45
132 46
132 58
132 59
132 73
132 74
132 75
132 76
132 77
132 78
132 82
132 83
132 85
132 87
132 93
132 96
132 105
132 106
132 111
132 119
132 120
132 123
132 124
132 134
132 136
132 139
132 142
132 144
132 147
132 150
133 3
133 5
133 6
133 9
133 15
133 16
133 22
133 23
133 29
133 30
133 33
133 41
133 47
133 49
133 51
133 57
133 58
133 60
133 65
133 71
133 73
133 74
133 77
133 84
133 86
133 90
133 92
133 94
133 95
133 98
133 100
133 102
133 104
133 107
133 109
133 115
133 116
133 122
133 123
133 124
133 126
133 128
133 130
133 131
133 134
133 135
133 136
133 137
133 138
133 141
133 149
133 154
133 156
134 4
134 8
134 12
134 19
134 20
134 22
134 23
134 26
134 28
134 33
134 36
134 37
134 41
134 42
134 48
134 49
134 52
134 53
134 56
134 57
134 62
134 63
134 65
134 66
134 71
134 75
134 76
134 80
134 81
134 84
134 85
134 87
134 88
134 89
134 91
134 93
134 95
134 104
134 105
134 110
134 111
134 116
134 119
134 124
134 130
134 131
134 137
134 139
134 142
134 144
134 145
134 146
134 148
134 150
134 152
134 155
135 3
135 5
135 8
135 9
135 10
135 13
135 16
135 19
135 21
135 23
135 27
135 31
135 34
135 35
135 38
135 39
135 40
135 41
135 44
135 50
135 51
135 57
135 61
135 63
135 64
135 65
135 66
135 67
135 71
135 72
135 82
135 83
135 85
135 91
135 92
135 93
135 95
135 105
135 107
135 113
135 114
135 116
135 118
135 119
135 124
135 140
135 141
135 142
135 143
135 146
135 147
135 150
135 153
135 154
135 156
136 2
136 4
136 6
136 7
136 10
136 12
136 13
136 18
136 20
136 26
136 28
136 32
136 33
136 38
136 41
136 42
136 45
136 46
136 49
136 53
136 57
136 59
136 62
136 65
136 67
136 77
136 79
136 85
136 86
136 88
136 91
136 96
136 97
136 98
136 105
136 106
136 107
136 108
136 113
136 115
136 118
136 120
136 127
136 130
136 136
136 139
136 142
136 143
136 145
136 146
136 150
136 156
137 7
137 8
137 11
137 13
137 16
137 17
137 21
137 22
137 23
137 33
137 35
137 38
137 41
137 42
137 43
137 48
137 49
137 50
137 52
137 57
137 65
137 69
137 77
137 81
137 83
137 86
137 92
137 94
137 95
137 98
137 99
137 100
137 102
137 104
137 107
137 109
137 113
137 115
137 117
137 119
137 120
137 127
137 130
137 131
137 133
137 136
137 138
137 139
137 144
137 147
137 148
137 150
137 154
138 1
138 2
138 4
138 5
138 7
138 8
138 14
138 18
138 19
138 21
138 27
138 29
138 31
138 32
138 33
138 37
138 38
138 39
138 45
138 47
138 48
138 51
138 54
138 57
138 67
138 68
138 69
138 70
138 75
138 78
138 79
138 89
138 93
138 97
138 100
138 106
138 111
138 113
138 114
138 116
138 121
138 122
138 123
138 124
138 125
138 127
138 129
138 130
138 132
138 135
138 137
138 140
138 145
138 147
138 148
138 152
139 2
139 5
139 10
139 14
139 15
139 19
139 22
139 23
139 27
139 28
139 33
139 34
139 36
139 37
139 40
139 42
139 46
139 47
139 48
139 50
139 56
139 58
139 59
139 60
139 62
139 70
139 71
139 72
139 73
139 75
139 77
139 79
139 80
139 82
139 83
139 84
139 85
139 87
139 89
139 90
139 91
139 92
139 94
139 95
139 96
139 98
139 102
139 107
139 109
139 115
139 116
139 117
139 121
139 122
139 125
139 128
139 130
139 135
139 136
139 138
139 140
139 143
139 144
139 148
139 152
139 154
139 156
140 2
140 4
140 5
140 9
140 10
140 14
140 21
140 23
140 28
140 30
140 35
140 44
140 51
140 52
140 56
140 57
140 59
140 61
140 67
140 70
140 75
140 76
140 86
140 90
140 92
140 95
140 97
140 100
140 101
140 108
140 115
140 116
140 118
140 119
140 120
140 123
140 124
140 125
140 127
140 129
140 132
140 133
140 134
140 138
140 140
140 142
140 143
140 145
140 148
140 151
140 154
141 1
141 5
141 8
141 10
141 12
141 13
141 14
141 21
141 23
141 27
141 31
141 34
141 37
141 39
141 40
141 45
141 49
141 51
141 52
141 58
141 59
141 61
141 76
141 78
141 86
141 89
141 90
141 91
141 94
141 97
141 103
141 106
141 109
141 114
141 115
141 116
141 117
141 120
141 128
141 133
141 134
141 138
141 139
141 142
141 153
141 156
141 157
142 4
142 5
142 10
142 12
142 36
142 41
142 46
142 52
142 54
142 58
142 59
142 65
142 66
142 67
142 74
142 75
142 79
142 80
142 82
142 83
142 88
142 97
142 98
142 104
142 112
142 115
142 116
142 120
142 124
142 126
142 128
142 132
142 133
142 140
142 143
142 145
142 146
142 148
142 149
142 151
142 152
142 155
143 1
143 3
143 6
143 7
143 8
143 12
143 14
143 17
143 18
143 24
143 28
143 34
143 41
143 42
143 46
143 47
143 48
143 53
143 54
143 58
143 60
143 64
143 66
143 70
143 72
143 77
143 85
143 89
143 93
143 97
143 100
143 104
143 111
143 115
143 116
143 122
143 123
143 127
143 135
143 141
143 145
143 146
143 148
143 151
144 3
144 4
144 5
144 7
144 9
144 10
144 11
144 13
144 22
144 24
144 26
144 28
144 29
144 33
144 34
144 35
144 36
144 39
144 40
144 42
144 44
144 47
144 49
144 50
144 61
144 65
144 66
144 68
144 71
144 73
144 74
144 80
144 81
144 85
144 89
144 93
144 95
144 96
144 98
144 100
144 106
144 110
144 112
144 113
144 115
144 119
144 122
144 124
144 129
144 136
144 140
144 143
144 145
144 150
144 151
144 154
144 156
144 157
145 2
145 3
145 4
145 6
145 12
145 14
145 18
145 25
145 26
145 34
145 36
145 42
145 45
145 46
145 48
145 49
145 51
145 54
145 57
145 58
145 62
145 63
145 76
145 78
145 79
145 81
145 90
145 94
145 98
145 99
145 101
145 103
145 110
145 118
145 120
145 121
145 126
145 127
145 128
145 131
145 132
145 135
145 142
145 143
145 145
145 146
145 150
145 153
146 1
146 3
146 7
146 8
146 10
146 12
146 14
146 15
146 16
146 17
146 18
146 19
146 20
146 26
146 30
146 31
146 32
146 36
146 39
146 41
146 42
146 50
146 51
146 55
146 57
146 60
146 63
146 64
146 66
146 70
146 72
146 79
146 83
146 86
146 87
146 88
146 89
146 91
146 92
146 98
146 99
146 109
146 111
146 112
146 117
146 120
146 125
146 128
146 134
146 136
146 138
146 147
146 148
146 149
146 150
146 151
146 153
146 157
147 4
147 6
147 10
147 11
147 14
147 15
147 16
147 17
147 23
147 25
147 26
147 27
147 28
147 31
147 38
147 39
147 40
147 41
147 42
147 49
147 52
147 53
147 54
147 55
147 56
147 57
147 60
147 61
147 65
147 71
147 72
147 75
147 76
147 83
147 86
147 87
147 88
147 89
147 91
147 92
147 93
147 96
147 98
147 99
147 102
147 104
147 106
147 109
147 111
147 112
147 114
147 121
147 122
147 129
147 130
147 133
147 134
147 136
147 138
147 139
147 141
147 145
147 150
147 154
147 156
148 6
148 9
148 10
148 12
148 13
148 16
148 19
148 21
148 23
148 25
148 27
148 28
148 34
148 35
148 36
148 38
148 40
148 42
148 46
148 59
148 60
148 62
148 63
148 64
148 65
148 71
148 72
148 77
148 82
148 84
148 86
148 90
148 93
148 100
148 101
148 104
148 105
148 106
148 109
148 112
148 117
148 133
148 139
148 141
148 143
148 150
148 151
149 3
149 4
149 5
149 10
149 11
149 12
149 14
149 17
149 18
149 24
149 25
149 35
149 38
149 53
149 58
149 59
149 60
149 61
149 67
149 69
149 70
149 72
149 73
149 75
149 76
149 79
149 82
149 83
149 85
149 86
149 87
149 88
149 94
149 95
149 99
149 100
149 102
149 104
149 111
149 112
149 115
149 117
149 119
149 122
149 123
149 126
149 127
149 128
149 130
149 132
149 137
149 138
149 143
149 144
149 147
149 148
149 150
150 1
150 2
150 5
150 6
150 8
150 10
150 12
150 14
150 17
150 23
150 29
150 30
150 32
150 35
150 36
150 39
150 42
150 44
150 52
150 54
150 56
150 57
150 58
150 59
150 65
150 67
150 68
150 74
150 75
150 77
150 82
150 85
150 92
150 100
150 102
150 104
150 105
150 109
150 110
150 113
150 115
150 116
150 121
150 123
150 124
150 125
150 126
150 136
150 139
150 140
150 146
150 148
150 153
151 7
151 8
151 9
151 11
151 14
151 15
151 25
151 30
151 35
151 36
151 39
151 41
151 43
151 44
151 49
151 52
151 53
151 68
151 74
151 75
151 77
151 78
151 81
151 85
151 86
151 90
151 91
151 92
151 93
151 95
151 96
151 102
151 107
151 108
151 109
151 111
151 112
151 113
151 116
151 117
151 119
151 127
151 129
151 132
151 133
151 136
151 141
151 143
151 144
151 147
151 148
151 153
151 154
151 155
152 7
152 9
152 10
152 14
152 16
152 17
152 18
152 21
152 26
152 29
152 33
152 44
152 45
152 47
152 48
152 49
152 52
152 53
152 59
152 60
152 62
152 63
152 65
152 67
152 68
152 70
152 71
152 73
152 77
152 78
152 85
152 86
152 87
152 88
152 92
152 93
152 97
152 109
152 112
152 115
152 117
152 118
152 119
152 121
152 124
152 125
152 127
152 128
152 133
152 135
152 136
152 137
152 144
152 147
152 148
153 2
153 5
153 6
153 8
153 9
153 11
153 12
153 13
153 14
153 16
153 18
153 23
153 24
153 25
153 26
153 27
153 28
153 29
153 30
153 33
153 36
153 37
153 38
153 39
153 40
153 43
153 44
153 46
153 47
153 49
153 50
153 52
153 55
153 56
153 59
153 64
153 67
153 69
153 70
153 76
153 79
153 82
153 87
153 92
153 93
153 95
153 100
153 104
153 105
153 114
153 120
153 123
153 127
153 128
153 136
153 137
153 141
153 142
153 144
153 145
153 147
153 148
153 151
153 152
153 155
154 1
154 5
154 7
154 8
154 12
154 23
154 26
154 35
154 36
154 40
154 46
154 48
154 49
154 52
154 54
154 56
154 58
154 59
154 65
154 76
154 77
154 81
154 83
154 84
154 85
154 89
154 90
154 95
154 97
154 102
154 105
154 108
154 114
154 115
154 117
154 118
154 119
154 128
154 135
154 137
154 140
154 141
154 147
154 157
155 1
155 4
155 8
155 18
155 19
155 25
155 26
155 29
155 31
155 32
155 33
155 38
155 40
155 42
155 46
155 47
155 50
155 51
155 56
155 59
155 60
155 61
155 69
155 78
155 79
155 82
155 83
155 85
155 94
155 99
155 107
155 113
155 117
155 125
155 130
155 134
155 138
155 139
155 140
155 145
155 154
155 156
156 1
156 4
156 10
156 14
156 15
156 16
156 23
156 26
156 30
156 31
156 34
156 38
156 39
156 40
156 41
156 42
156 43
156 44
156 46
156 48
156 49
156 50
156 57
156 61
156 77
156 79
156 80
156 81
156 82
156 88
156 89
156 90
156 91
156 96
156 98
156 100
156 104
156 106
156 109
156 113
156 124
156 125
156 133
156 137
156 138
156 146
156 148
156 150
156 151
157 1
157 12
157 13
157 14
157 15
157 23
157 25
157 28
157 29
157 34
157 46
157 48
157 52
157 53
157 56
157 70
157 72
157 73
157 80
157 86
157 88
157 92
157 93
157 94
157 95
157 97
157 102
157 109
157 111
157 117
157 118
157 120
157 121
157 124
157 125
157 130
157 133
157 137
157 138
157 141
157 143
157 150
