199
198 198 196 198 198 180 28 37 17 160
7000
1 1
1 8
1 10
1 12
1 17
1 25
1 26
1 27
1 29
1 34
1 38
1 50
1 56
1 60
1 61
1 65
1 67
1 68
1 86
1 87
1 91
1 100
1 108
1 109
1 111
1 117
1 121
1 122
1 127
1 142
1 148
1 150
1 158
1 161
1 163
1 164
1 176
1 181
1 183
1 184
1 186
1 191
1 193
1 197
1 199
2 1
2 3
2 15
2 18
2 26
2 27
2 28
2 31
2 38
2 41
2 48
2 51
2 52
2 57
2 61
2 63
2 72
2 81
2 85
2 88
2 106
2 109
2 114
2 116
2 122
2 124
2 125
2 136
2 141
2 145
2 146
2 151
2 155
2 169
2 170
2 172
2 173
2 178
2 179
2 182
2 183
2 194
2 198
2 199
3 1
3 3
3 8
3 11
3 12
3 20
3 21
3 22
3 28
3 32
3 39
3 47
3 49
3 51
3 57
3 58
3 60
3 61
3 62
3 71
3 73
3 74
3 82
3 89
3 93
3 106
3 111
3 113
3 116
3 119
3 123
3 130
3 132
3 141
3 146
3 158
3 170
3 173
3 183
4 8
4 15
4 22
4 24
4 27
4 28
4 32
4 33
4 35
4 48
4 56
4 61
4 74
4 76
4 94
4 100
4 107
4 137
4 141
4 142
4 148
4 159
4 162
4 163
4 169
4 174
4 182
4 190
4 191
4 193
4 195
4 196
5 1
5 3
5 5
5 11
5 15
5 21
5 31
5 33
5 35
5 38
5 47
5 52
5 57
5 63
5 66
5 67
5 69
5 73
5 74
5 82
5 84
5 87
5 90
5 91
5 93
5 95
5 97
5 101
5 117
5 126
5 132
5 133
5 138
5 140
5 141
5 153
5 155
5 169
5 172
5 173
5 174
5 177
5 186
5 187
5 190
5 196
5 197
5 198
6 1
6 4
6 10
6 22
6 23
6 38
6 42
6 43
6 47
6 56
6 58
6 59
6 77
6 80
6 81
6 87
6 88
6 90
6 100
6 122
6 125
6 128
6 143
6 156
6 158
6 159
6 160
6 168
6 171
6 178
6 196
6 198
7 8
7 10
7 26
7 30
7 34
7 52
7 62
7 81
7 85
7 87
7 90
7 94
7 95
7 99
7 104
7 116
7 121
7 128
7 130
7 138
7 139
7 143
7 150
7 151
7 154
7 161
7 163
7 173
7 178
7 187
8 11
8 13
8 14
8 27
8 30
8 31
8 44
8 48
8 53
8 57
8 65
8 73
8 86
8 89
8 99
8 106
8 108
8 123
8 129
8 130
8 134
8 139
8 140
8 142
8 148
8 149
8 154
8 156
8 164
8 166
8 170
8 174
8 178
8 187
8 190
8 194
9 3
9 5
9 7
9 18
9 19
9 20
9 21
9 58
9 62
9 66
9 75
9 79
9 88
9 90
9 93
9 96
9 97
9 99
9 104
9 105
9 106
9 111
9 112
9 115
9 127
9 133
9 141
9 144
9 151
9 155
9 167
9 169
9 172
9 194
9 196
10 14
10 36
10 41
10 46
10 51
10 64
10 77
10 82
10 84
10 89
10 98
10 106
10 109
10 112
10 118
10 119
10 125
10 129
10 136
10 138
10 141
10 148
10 149
10 155
10 169
10 180
10 182
10 183
10 189
10 190
10 191
10 196
11 1
11 3
11 7
11 9
11 10
11 23
11 28
11 32
11 34
11 38
11 40
11 43
11 48
11 52
11 53
11 54
11 82
11 83
11 87
11 92
11 96
11 106
11 107
11 108
11 111
11 127
11 131
11 143
11 148
11 149
11 156
11 157
11 172
11 181
11 186
11 190
11 198
12 4
12 22
12 41
12 66
12 67
12 69
12 72
12 76
12 80
12 81
12 90
12 92
12 96
12 110
12 125
12 126
12 133
12 135
12 141
12 154
12 159
12 161
12 179
12 185
12 192
12 196
13 11
13 14
13 21
13 31
13 37
13 39
13 42
13 45
13 49
13 57
13 71
13 72
13 75
13 80
13 82
13 96
13 103
13 122
13 123
13 128
13 131
13 134
13 137
13 142
13 147
13 152
13 153
13 154
13 162
13 165
13 166
13 179
13 180
13 182
13 188
13 199
14 1
14 3
14 4
14 9
14 18
14 20
14 31
14 32
14 33
14 39
14 52
14 60
14 61
14 62
14 65
14 66
14 67
14 78
14 81
14 86
14 99
14 100
14 102
14 108
14 112
14 115
14 118
14 119
14 125
14 131
14 138
14 149
14 153
14 154
14 156
14 164
14 167
14 183
14 184
14 192
15 7
15 11
15 13
15 17
15 20
15 22
15 29
15 32
15 41
15 57
15 60
15 64
15 71
15 77
15 86
15 101
15 110
15 114
15 115
15 119
15 120
15 127
15 129
15 139
15 141
15 145
15 167
15 172
15 177
15 178
15 187
15 189
15 198
15 199
16 12
16 18
16 27
16 39
16 40
16 41
16 60
16 64
16 70
16 78
16 87
16 89
16 91
16 93
16 97
16 101
16 107
16 117
16 126
16 128
16 133
16 152
16 162
16 164
16 170
16 175
16 197
17 1
17 2
17 14
17 57
17 84
17 85
17 98
17 104
17 109
17 110
17 112
17 123
17 135
17 136
17 138
17 147
17 148
17 150
17 156
17 169
17 173
17 178
17 182
17 183
17 184
17 186
17 189
17 194
17 197
17 199
18 5
18 15
18 23
18 25
18 42
18 44
18 45
18 48
18 55
18 61
18 69
18 74
18 76
18 82
18 85
18 87
18 89
18 92
18 95
18 110
18 111
18 118
18 119
18 125
18 128
18 132
18 145
18 148
18 150
18 151
18 159
18 162
18 164
18 175
18 178
18 179
18 192
19 3
19 13
19 17
19 21
19 22
19 39
19 43
19 54
19 55
19 59
19 71
19 72
19 76
19 85
19 90
19 96
19 102
19 107
19 114
19 119
19 125
19 128
19 131
19 139
19 146
19 147
19 152
19 156
19 163
19 166
19 173
19 177
19 181
19 182
19 186
19 197
19 198
20 11
20 22
20 27
20 33
20 35
20 39
20 43
20 51
20 55
20 56
20 60
20 67
20 69
20 83
20 92
20 96
20 101
20 103
20 105
20 108
20 109
20 113
20 114
20 118
20 127
20 130
20 143
20 151
20 154
20 176
20 190
20 195
21 5
21 11
21 22
21 25
21 32
21 36
21 39
21 40
21 52
21 59
21 73
21 77
21 92
21 95
21 103
21 108
21 109
21 112
21 113
21 130
21 137
21 138
21 148
21 153
21 156
21 161
21 162
21 166
21 169
21 176
21 177
21 178
21 181
21 185
21 187
21 197
22 9
22 10
22 17
22 18
22 19
22 23
22 24
22 28
22 45
22 50
22 53
22 58
22 63
22 74
22 79
22 99
22 101
22 108
22 111
22 118
22 121
22 128
22 151
22 152
22 154
22 155
22 160
22 162
22 167
22 172
22 174
22 184
22 191
22 197
22 198
23 2
23 23
23 31
23 34
23 38
23 53
23 57
23 67
23 70
23 71
23 72
23 77
23 85
23 92
23 102
23 103
23 104
23 108
23 111
23 114
23 121
23 128
23 131
23 133
23 137
23 139
23 143
23 145
23 153
23 156
23 162
23 173
23 177
23 178
23 186
23 191
23 194
23 197
24 11
24 19
24 27
24 34
24 39
24 46
24 58
24 65
24 67
24 78
24 87
24 95
24 96
24 110
24 111
24 114
24 121
24 122
24 124
24 126
24 127
24 129
24 134
24 136
24 137
24 151
24 152
24 153
24 169
24 171
24 174
24 177
24 184
24 189
24 190
24 191
24 192
24 196
24 197
25 6
25 18
25 19
25 37
25 38
25 44
25 49
25 52
25 56
25 76
25 77
25 80
25 84
25 86
25 100
25 103
25 107
25 113
25 119
25 122
25 128
25 131
25 141
25 145
25 148
25 154
25 164
25 165
25 168
25 170
25 184
25 186
25 190
25 192
25 193
25 194
25 196
26 1
26 4
26 12
26 20
26 21
26 22
26 24
26 27
26 37
26 46
26 49
26 55
26 58
26 62
26 68
26 70
26 74
26 89
26 91
26 110
26 115
26 125
26 130
26 132
26 137
26 146
26 152
26 157
26 168
27 13
27 18
27 19
27 20
27 21
27 31
27 34
27 39
27 51
27 64
27 67
27 71
27 72
27 78
27 84
27 95
27 99
27 103
27 113
27 124
27 126
27 132
27 136
27 137
27 139
27 152
27 160
27 162
27 165
27 171
27 172
27 174
27 178
27 187
27 188
27 192
27 195
28 1
28 8
28 10
28 18
28 21
28 22
28 23
28 24
28 25
28 26
28 30
28 46
28 57
28 63
28 71
28 73
28 75
28 84
28 86
28 87
28 88
28 98
28 101
28 102
28 103
28 104
28 105
28 109
28 114
28 117
28 121
28 126
28 131
28 133
28 138
28 144
28 148
28 149
28 153
28 155
28 158
28 162
28 169
28 175
28 181
28 182
28 187
28 191
28 193
29 3
29 10
29 21
29 23
29 26
29 28
29 44
29 51
29 61
29 65
29 73
29 78
29 83
29 87
29 91
29 99
29 102
29 112
29 113
29 120
29 126
29 134
29 138
29 145
29 146
29 153
29 154
29 161
29 162
29 163
29 164
29 165
29 168
29 179
29 190
29 194
29 195
29 198
30 1
30 4
30 8
30 11
30 28
30 37
30 43
30 52
30 56
30 59
30 69
30 73
30 74
30 82
30 84
30 86
30 92
30 96
30 99
30 102
30 106
30 108
30 111
30 114
30 116
30 118
30 124
30 141
30 142
30 150
30 156
30 164
30 170
30 178
30 181
30 184
30 185
30 192
30 199
31 3
31 4
31 6
31 28
31 33
31 42
31 45
31 49
31 52
31 53
31 60
31 61
31 79
31 80
31 81
31 90
31 97
31 105
31 108
31 113
31 114
31 118
31 121
31 128
31 136
31 143
31 145
31 151
31 158
31 168
31 171
31 174
31 175
31 177
31 185
31 191
32 2
32 13
32 15
32 23
32 24
32 30
32 32
32 34
32 43
32 45
32 46
32 50
32 52
32 56
32 69
32 71
32 86
32 90
32 97
32 98
32 114
32 129
32 135
32 136
32 144
32 146
32 147
32 151
32 155
32 171
32 172
32 176
32 182
32 184
32 191
32 192
32 194
33 5
33 11
33 17
33 21
33 23
33 33
33 36
33 37
33 47
33 72
33 76
33 82
33 88
33 95
33 98
33 106
33 115
33 117
33 130
33 133
33 149
33 156
33 166
33 173
33 176
33 177
33 182
33 184
33 188
34 3
34 9
34 10
34 22
34 24
34 29
34 32
34 54
34 61
34 63
34 70
34 75
34 84
34 91
34 103
34 109
34 111
34 115
34 118
34 123
34 127
34 133
34 139
34 140
34 143
34 144
34 145
34 148
34 149
34 153
34 157
34 161
34 167
34 175
34 181
35 3
35 7
35 8
35 13
35 15
35 22
35 24
35 31
35 32
35 36
35 49
35 54
35 55
35 63
35 71
35 72
35 73
35 79
35 85
35 93
35 100
35 102
35 105
35 113
35 114
35 116
35 117
35 121
35 123
35 126
35 127
35 131
35 137
35 143
35 153
35 158
35 165
35 167
35 170
35 173
35 180
35 186
35 198
35 199
36 3
36 6
36 12
36 15
36 18
36 21
36 23
36 24
36 37
36 41
36 44
36 47
36 49
36 52
36 57
36 58
36 59
36 60
36 70
36 71
36 82
36 84
36 91
36 99
36 100
36 101
36 103
36 110
36 113
36 114
36 120
36 129
36 135
36 142
36 148
36 158
36 160
36 173
36 175
36 176
36 180
36 181
36 183
36 189
36 190
36 197
37 4
37 8
37 22
37 29
37 40
37 42
37 46
37 49
37 54
37 59
37 61
37 69
37 71
37 77
37 79
37 81
37 90
37 94
37 95
37 108
37 118
37 128
37 141
37 142
37 150
37 151
37 156
37 158
37 160
37 161
37 164
37 169
37 173
37 176
38 13
38 21
38 23
38 26
38 28
38 32
38 34
38 36
38 37
38 38
38 42
38 43
38 52
38 60
38 74
38 82
38 86
38 94
38 98
38 100
38 110
38 111
38 115
38 129
38 131
38 133
38 134
38 135
38 146
38 149
38 151
38 161
38 167
38 174
38 194
39 3
39 6
39 7
39 15
39 16
39 17
39 19
39 20
39 27
39 30
39 32
39 45
39 48
39 54
39 56
39 58
39 63
39 64
39 66
39 67
39 70
39 77
39 90
39 94
39 96
39 105
39 110
39 113
39 123
39 124
39 131
39 141
39 142
39 145
39 155
39 184
39 186
39 190
39 199
40 5
40 8
40 12
40 19
40 20
40 24
40 33
40 40
40 42
40 44
40 55
40 56
40 66
40 68
40 73
40 80
40 84
40 91
40 92
40 93
40 102
40 105
40 114
40 117
40 121
40 144
40 145
40 148
40 154
40 159
40 161
40 164
40 166
40 171
40 178
40 196
41 1
41 4
41 11
41 12
41 21
41 24
41 33
41 37
41 49
41 53
41 58
41 64
41 71
41 72
41 73
41 82
41 84
41 91
41 94
41 111
41 112
41 116
41 117
41 123
41 126
41 129
41 130
41 136
41 137
41 138
41 141
41 142
41 153
41 157
41 161
41 166
41 173
41 180
41 191
41 198
42 2
42 19
42 47
42 48
42 61
42 70
42 81
42 82
42 88
42 108
42 110
42 114
42 116
42 122
42 127
42 133
42 138
42 143
42 160
42 167
42 175
42 190
42 191
42 198
43 3
43 6
43 7
43 9
43 14
43 16
43 18
43 21
43 23
43 29
43 36
43 46
43 47
43 50
43 51
43 52
43 59
43 66
43 67
43 73
43 76
43 79
43 86
43 96
43 108
43 115
43 121
43 125
43 138
43 143
43 146
43 150
43 153
43 164
43 169
43 185
43 188
43 189
43 191
43 192
43 197
43 198
44 23
44 29
44 42
44 54
44 58
44 64
44 67
44 76
44 80
44 87
44 88
44 89
44 92
44 110
44 119
44 132
44 133
44 147
44 153
44 156
44 161
44 168
44 170
44 171
44 175
44 181
44 184
44 186
44 189
44 190
44 191
44 192
44 196
44 198
45 21
45 25
45 29
45 31
45 36
45 37
45 40
45 46
45 54
45 56
45 59
45 69
45 73
45 79
45 80
45 81
45 88
45 91
45 98
45 102
45 112
45 114
45 115
45 127
45 129
45 131
45 137
45 138
45 143
45 149
45 154
45 155
45 160
45 167
45 178
45 184
46 1
46 3
46 5
46 6
46 9
46 17
46 19
46 21
46 26
46 27
46 28
46 29
46 33
46 39
46 45
46 47
46 56
46 57
46 65
46 69
46 78
46 82
46 84
46 91
46 92
46 94
46 97
46 104
46 110
46 126
46 128
46 138
46 143
46 151
46 153
46 161
46 168
46 170
46 172
46 178
46 179
46 182
46 184
47 4
47 21
47 24
47 26
47 32
47 35
47 42
47 54
47 60
47 71
47 76
47 91
47 97
47 99
47 108
47 111
47 114
47 119
47 121
47 131
47 134
47 137
47 144
47 156
47 162
47 175
47 176
47 177
47 190
47 194
47 195
47 196
48 2
48 3
48 5
48 13
48 20
48 24
48 36
48 45
48 46
48 53
48 57
48 63
48 64
48 77
48 87
48 96
48 128
48 132
48 134
48 136
48 145
48 148
48 159
48 164
48 165
48 167
48 168
48 169
48 173
48 180
48 186
49 1
49 22
49 24
49 28
49 32
49 40
49 43
49 49
49 50
49 51
49 62
49 64
49 65
49 76
49 84
49 86
49 88
49 95
49 97
49 101
49 102
49 103
49 104
49 108
49 119
49 123
49 125
49 128
49 137
49 143
49 144
49 145
49 154
49 159
49 160
49 180
49 190
49 193
49 194
50 2
50 15
50 16
50 19
50 30
50 33
50 37
50 40
50 42
50 48
50 56
50 57
50 59
50 72
50 81
50 92
50 93
50 96
50 97
50 99
50 106
50 114
50 119
50 123
50 131
50 134
50 143
50 163
50 165
50 166
50 184
50 188
50 191
50 193
51 1
51 4
51 6
51 15
51 30
51 33
51 38
51 39
51 48
51 52
51 54
51 57
51 71
51 72
51 76
51 90
51 101
51 102
51 103
51 107
51 108
51 112
51 120
51 126
51 131
51 132
51 146
51 148
51 154
51 156
51 164
51 165
51 171
51 172
51 175
51 182
51 191
51 197
51 198
52 3
52 5
52 17
52 30
52 35
52 36
52 47
52 48
52 53
52 55
52 58
52 66
52 70
52 76
52 77
52 80
52 86
52 91
52 95
52 98
52 120
52 123
52 141
52 144
52 145
52 149
52 151
52 159
52 167
52 190
52 193
52 195
52 199
53 7
53 8
53 11
53 16
53 26
53 27
53 43
53 52
53 56
53 58
53 61
53 65
53 67
53 69
53 89
53 91
53 94
53 96
53 98
53 108
53 113
53 116
53 125
53 133
53 137
53 148
53 149
53 154
53 156
53 165
53 172
53 173
53 182
53 187
53 191
53 193
54 5
54 9
54 11
54 12
54 15
54 19
54 23
54 26
54 31
54 34
54 37
54 45
54 85
54 88
54 94
54 97
54 100
54 103
54 104
54 109
54 111
54 137
54 142
54 143
54 150
54 152
54 153
54 168
54 169
54 170
54 172
54 174
54 175
54 184
54 188
54 194
55 2
55 4
55 9
55 10
55 12
55 17
55 20
55 31
55 54
55 60
55 62
55 63
55 70
55 75
55 77
55 80
55 84
55 85
55 86
55 91
55 93
55 106
55 109
55 112
55 115
55 130
55 131
55 137
55 142
55 149
55 151
55 155
55 160
55 172
55 176
55 177
55 179
55 185
55 187
55 189
55 190
55 192
55 193
55 199
56 12
56 14
56 18
56 23
56 33
56 38
56 54
56 55
56 56
56 73
56 74
56 77
56 78
56 81
56 85
56 93
56 94
56 97
56 100
56 103
56 110
56 123
56 125
56 126
56 134
56 137
56 139
56 150
56 158
56 161
56 168
56 169
56 172
56 180
56 182
56 191
56 193
56 196
57 1
57 2
57 5
57 9
57 13
57 14
57 21
57 22
57 31
57 35
57 36
57 40
57 50
57 63
57 69
57 77
57 88
57 93
57 98
57 102
57 104
57 106
57 108
57 113
57 133
57 137
57 138
57 139
57 147
57 159
57 173
57 183
57 184
57 186
57 194
57 196
57 198
58 4
58 19
58 21
58 39
58 48
58 52
58 56
58 62
58 66
58 74
58 77
58 80
58 82
58 87
58 93
58 99
58 107
58 120
58 123
58 138
58 150
58 151
58 153
58 171
58 179
58 186
59 5
59 11
59 19
59 25
59 26
59 28
59 33
59 35
59 39
59 41
59 43
59 45
59 52
59 54
59 56
59 59
59 63
59 74
59 77
59 82
59 95
59 98
59 105
59 106
59 107
59 111
59 118
59 134
59 135
59 139
59 145
59 146
59 148
59 151
59 161
59 170
59 171
59 177
59 194
59 198
60 1
60 3
60 17
60 18
60 19
60 20
60 25
60 30
60 31
60 36
60 37
60 53
60 59
60 62
60 67
60 77
60 81
60 91
60 92
60 98
60 105
60 114
60 116
60 136
60 138
60 141
60 154
60 155
60 156
60 160
60 164
60 166
60 167
60 170
60 173
60 177
60 178
60 179
60 180
60 183
60 196
61 6
61 7
61 14
61 16
61 17
61 29
61 32
61 34
61 35
61 40
61 47
61 53
61 64
61 67
61 68
61 77
61 88
61 98
61 102
61 118
61 119
61 121
61 132
61 138
61 142
61 152
61 165
61 177
61 186
62 4
62 13
62 14
62 25
62 27
62 30
62 32
62 51
62 55
62 60
62 64
62 65
62 73
62 85
62 89
62 101
62 105
62 113
62 122
62 126
62 133
62 137
62 160
62 165
62 169
62 183
62 185
62 191
62 193
62 197
63 9
63 16
63 24
63 26
63 29
63 65
63 69
63 73
63 82
63 86
63 92
63 94
63 95
63 100
63 105
63 106
63 108
63 112
63 121
63 122
63 135
63 141
63 150
63 162
63 163
63 176
63 178
63 179
63 190
63 191
63 195
64 8
64 18
64 26
64 33
64 37
64 38
64 55
64 60
64 62
64 72
64 75
64 98
64 101
64 103
64 112
64 129
64 131
64 134
64 140
64 159
64 163
64 168
64 172
64 181
64 191
64 196
64 199
65 2
65 3
65 7
65 11
65 16
65 18
65 28
65 37
65 38
65 46
65 50
65 51
65 57
65 58
65 60
65 68
65 69
65 72
65 74
65 77
65 79
65 84
65 85
65 90
65 99
65 100
65 106
65 107
65 110
65 111
65 121
65 123
65 124
65 125
65 127
65 129
65 133
65 136
65 139
65 160
65 162
65 184
65 194
65 195
65 197
65 198
66 6
66 16
66 36
66 40
66 62
66 71
66 77
66 81
66 94
66 111
66 115
66 121
66 124
66 125
66 126
66 132
66 136
66 138
66 144
66 149
66 151
66 158
66 159
66 162
66 166
66 174
66 184
66 197
66 199
67 3
67 21
67 23
67 25
67 29
67 39
67 50
67 55
67 61
67 88
67 89
67 96
67 100
67 105
67 108
67 110
67 111
67 117
67 134
67 140
67 143
67 156
67 162
67 169
67 171
67 172
67 173
67 180
67 182
67 185
67 188
67 198
68 15
68 18
68 31
68 43
68 50
68 52
68 55
68 65
68 67
68 81
68 107
68 111
68 123
68 124
68 127
68 128
68 130
68 131
68 137
68 143
68 150
68 159
68 160
68 173
68 178
68 186
68 187
68 196
69 8
69 14
69 21
69 22
69 26
69 29
69 35
69 41
69 55
69 63
69 75
69 78
69 99
69 105
69 115
69 117
69 121
69 122
69 135
69 140
69 154
69 158
69 170
69 172
69 175
69 178
69 184
69 189
69 198
70 16
70 27
70 28
70 29
70 30
70 33
70 34
70 41
70 43
70 48
70 50
70 51
70 57
70 69
70 72
70 73
70 83
70 84
70 87
70 93
70 95
70 96
70 100
70 104
70 111
70 117
70 118
70 122
70 127
70 139
70 141
70 146
70 149
70 156
70 178
70 180
70 185
70 187
70 188
70 189
70 199
71 4
71 7
71 11
71 13
71 24
71 26
71 29
71 34
71 45
71 47
71 54
71 61
71 63
71 67
71 70
71 73
71 78
71 84
71 85
71 93
71 99
71 105
71 109
71 110
71 111
71 114
71 118
71 121
71 122
71 125
71 126
71 137
71 139
71 141
71 144
71 146
71 147
71 153
71 158
71 163
71 166
71 171
71 177
71 181
71 188
71 189
71 195
72 1
72 2
72 4
72 12
72 29
72 44
72 78
72 82
72 86
72 108
72 110
72 113
72 125
72 136
72 145
72 146
72 147
72 150
72 152
72 153
72 157
72 158
72 159
72 161
72 169
72 190
72 196
72 198
73 3
73 5
73 23
73 25
73 28
73 34
73 35
73 38
73 40
73 56
73 62
73 67
73 70
73 72
73 73
73 76
73 81
73 83
73 91
73 96
73 104
73 108
73 109
73 112
73 113
73 126
73 131
73 140
73 155
73 157
73 162
73 164
73 166
73 177
73 179
73 199
74 2
74 3
74 5
74 9
74 14
74 17
74 21
74 24
74 33
74 43
74 48
74 51
74 52
74 53
74 57
74 61
74 65
74 66
74 78
74 79
74 91
74 93
74 94
74 96
74 104
74 115
74 130
74 143
74 146
74 148
74 151
74 169
74 174
74 176
74 178
74 191
74 196
74 197
75 1
75 4
75 7
75 8
75 12
75 38
75 44
75 48
75 58
75 61
75 68
75 70
75 76
75 82
75 92
75 93
75 98
75 118
75 126
75 127
75 142
75 152
75 154
75 160
75 163
75 164
75 183
75 191
76 1
76 2
76 8
76 10
76 15
76 24
76 36
76 42
76 61
76 69
76 72
76 78
76 81
76 88
76 89
76 90
76 102
76 114
76 116
76 117
76 143
76 144
76 150
76 156
76 159
76 160
76 173
76 174
76 176
76 189
76 192
76 197
77 3
77 4
77 6
77 7
77 20
77 23
77 27
77 31
77 33
77 34
77 35
77 40
77 43
77 44
77 56
77 65
77 67
77 72
77 81
77 84
77 86
77 87
77 88
77 93
77 94
77 95
77 97
77 103
77 111
77 117
77 137
77 142
77 148
77 149
77 172
77 181
77 184
77 188
77 189
77 190
77 196
78 4
78 5
78 7
78 10
78 13
78 25
78 27
78 31
78 37
78 39
78 48
78 64
78 67
78 70
78 71
78 72
78 73
78 74
78 76
78 77
78 79
78 82
78 97
78 106
78 117
78 123
78 127
78 136
78 140
78 145
78 147
78 150
78 157
78 158
78 159
78 175
78 186
78 188
78 192
78 198
79 2
79 3
79 9
79 15
79 16
79 42
79 49
79 52
79 59
79 72
79 73
79 81
79 82
79 83
79 99
79 109
79 110
79 126
79 127
79 131
79 132
79 133
79 162
79 181
79 186
79 187
79 190
79 195
80 9
80 12
80 14
80 15
80 55
80 59
80 70
80 83
80 84
80 87
80 89
80 105
80 114
80 116
80 132
80 141
80 149
80 163
80 166
80 173
80 178
80 183
80 185
80 186
81 12
81 13
81 30
81 34
81 35
81 37
81 44
81 46
81 50
81 51
81 53
81 60
81 63
81 65
81 69
81 72
81 89
81 99
81 103
81 105
81 108
81 118
81 127
81 129
81 137
81 146
81 148
81 165
81 167
81 183
81 198
81 199
82 2
82 6
82 18
82 31
82 33
82 34
82 37
82 38
82 40
82 41
82 45
82 48
82 54
82 63
82 73
82 88
82 94
82 97
82 108
82 112
82 117
82 120
82 124
82 130
82 131
82 132
82 133
82 136
82 138
82 146
82 150
82 156
82 157
82 171
82 174
82 185
82 187
82 197
83 5
83 12
83 18
83 24
83 35
83 37
83 38
83 42
83 43
83 48
83 59
83 64
83 67
83 68
83 70
83 79
83 85
83 90
83 100
83 103
83 104
83 121
83 129
83 135
83 158
83 175
83 181
83 185
83 191
83 192
84 10
84 11
84 16
84 17
84 26
84 31
84 33
84 34
84 39
84 42
84 50
84 60
84 70
84 72
84 74
84 75
84 76
84 78
84 84
84 101
84 103
84 107
84 114
84 116
84 117
84 121
84 122
84 126
84 136
84 154
84 155
84 161
84 162
84 164
84 167
84 168
84 174
84 180
84 188
84 192
84 194
84 197
85 8
85 19
85 21
85 26
85 27
85 30
85 32
85 41
85 42
85 48
85 51
85 54
85 55
85 60
85 62
85 63
85 83
85 85
85 88
85 119
85 121
85 128
85 131
85 140
85 150
85 152
85 165
85 167
85 180
85 184
85 190
85 191
85 195
85 197
85 198
86 3
86 8
86 14
86 17
86 36
86 41
86 45
86 52
86 59
86 61
86 71
86 73
86 79
86 80
86 93
86 97
86 98
86 101
86 102
86 103
86 104
86 106
86 112
86 113
86 114
86 117
86 118
86 121
86 126
86 143
86 148
86 152
86 156
86 161
86 164
86 177
86 181
86 188
86 191
87 5
87 13
87 16
87 28
87 30
87 35
87 40
87 41
87 44
87 47
87 62
87 72
87 81
87 82
87 86
87 87
87 94
87 101
87 114
87 116
87 122
87 127
87 130
87 136
87 139
87 141
87 152
87 154
87 158
87 159
87 164
87 165
87 166
87 170
87 176
87 178
87 185
88 18
88 20
88 22
88 24
88 27
88 29
88 31
88 37
88 49
88 50
88 51
88 53
88 56
88 58
88 61
88 83
88 90
88 103
88 109
88 117
88 122
88 127
88 128
88 131
88 133
88 136
88 140
88 147
88 148
88 154
88 162
88 178
88 198
89 12
89 21
89 33
89 45
89 55
89 59
89 66
89 69
89 76
89 78
89 82
89 84
89 88
89 102
89 107
89 110
89 114
89 116
89 123
89 124
89 128
89 130
89 133
89 140
89 144
89 145
89 152
89 153
89 156
89 161
89 168
89 170
89 175
89 183
89 190
89 193
90 3
90 5
90 8
90 11
90 13
90 16
90 30
90 35
90 42
90 43
90 60
90 66
90 79
90 80
90 85
90 87
90 92
90 95
90 100
90 102
90 119
90 174
90 177
91 8
91 16
91 24
91 28
91 41
91 44
91 49
91 54
91 60
91 62
91 63
91 69
91 74
91 76
91 79
91 80
91 90
91 100
91 103
91 105
91 109
91 113
91 117
91 127
91 130
91 137
91 138
91 149
91 150
91 152
91 157
91 173
91 175
91 181
91 190
91 191
92 9
92 12
92 15
92 17
92 19
92 24
92 26
92 28
92 30
92 35
92 44
92 45
92 56
92 57
92 62
92 71
92 80
92 91
92 103
92 111
92 112
92 114
92 115
92 118
92 119
92 123
92 131
92 132
92 135
92 138
92 139
92 142
92 145
92 147
92 151
92 155
92 158
92 159
92 160
92 163
92 177
92 180
92 184
92 188
92 195
93 1
93 3
93 5
93 6
93 8
93 11
93 17
93 19
93 23
93 28
93 29
93 32
93 33
93 34
93 38
93 39
93 46
93 57
93 58
93 59
93 66
93 69
93 70
93 86
93 87
93 91
93 92
93 93
93 97
93 103
93 106
93 112
93 122
93 142
93 146
93 147
93 151
93 169
93 173
93 185
93 189
93 191
94 2
94 3
94 22
94 29
94 32
94 36
94 37
94 43
94 50
94 62
94 74
94 78
94 79
94 80
94 82
94 86
94 89
94 93
94 98
94 116
94 121
94 125
94 127
94 135
94 141
94 161
94 164
94 176
94 179
94 181
94 196
94 199
95 2
95 3
95 19
95 21
95 24
95 25
95 26
95 28
95 31
95 39
95 49
95 50
95 55
95 56
95 57
95 62
95 69
95 74
95 78
95 79
95 115
95 120
95 131
95 160
95 164
95 182
95 187
95 190
95 194
95 198
96 1
96 2
96 6
96 18
96 25
96 28
96 32
96 47
96 50
96 53
96 54
96 71
96 73
96 75
96 78
96 92
96 95
96 103
96 105
96 106
96 107
96 111
96 115
96 120
96 121
96 131
96 137
96 138
96 139
96 156
96 168
96 180
96 187
97 7
97 18
97 23
97 25
97 42
97 46
97 49
97 52
97 56
97 65
97 66
97 77
97 78
97 91
97 99
97 105
97 107
97 112
97 113
97 114
97 115
97 129
97 134
97 151
97 156
97 161
97 162
97 169
97 174
97 177
97 183
97 187
97 191
97 192
98 4
98 19
98 24
98 38
98 63
98 64
98 65
98 71
98 74
98 78
98 80
98 82
98 96
98 98
98 106
98 114
98 115
98 119
98 126
98 131
98 140
98 145
98 152
98 155
98 160
98 166
98 179
98 190
98 192
98 193
98 197
99 1
99 3
99 7
99 18
99 21
99 29
99 36
99 50
99 51
99 68
99 77
99 79
99 83
99 90
99 92
99 96
99 98
99 99
99 100
99 102
99 105
99 106
99 108
99 116
99 124
99 139
99 141
99 146
99 148
99 153
99 155
99 165
99 169
99 178
99 180
99 182
99 184
99 185
99 187
99 192
99 196
100 4
100 5
100 10
100 16
100 19
100 23
100 25
100 34
100 35
100 38
100 40
100 44
100 46
100 49
100 61
100 69
100 70
100 80
100 81
100 84
100 85
100 94
100 106
100 111
100 114
100 119
100 123
100 130
100 131
100 141
100 146
100 163
100 178
100 190
100 193
101 8
101 10
101 22
101 24
101 35
101 49
101 50
101 56
101 63
101 71
101 76
101 79
101 80
101 81
101 86
101 91
101 100
101 107
101 115
101 119
101 122
101 125
101 129
101 130
101 131
101 139
101 154
101 158
101 159
101 165
101 186
101 187
101 188
101 198
101 199
102 2
102 7
102 10
102 13
102 21
102 25
102 33
102 37
102 48
102 55
102 57
102 64
102 82
102 85
102 88
102 93
102 98
102 99
102 104
102 105
102 106
102 112
102 113
102 115
102 131
102 144
102 146
102 148
102 150
102 155
102 170
102 193
102 199
103 8
103 20
103 25
103 29
103 48
103 50
103 54
103 59
103 63
103 71
103 74
103 75
103 100
103 105
103 106
103 110
103 116
103 118
103 124
103 125
103 131
103 133
103 146
103 152
103 155
103 156
103 172
103 184
103 190
103 197
103 199
104 3
104 6
104 8
104 10
104 17
104 28
104 49
104 56
104 57
104 58
104 61
104 63
104 64
104 65
104 71
104 72
104 80
104 82
104 86
104 90
104 99
104 118
104 124
104 131
104 132
104 143
104 156
104 162
104 163
104 169
104 177
104 178
104 184
104 187
104 190
105 7
105 19
105 30
105 45
105 48
105 50
105 58
105 61
105 63
105 69
105 77
105 81
105 82
105 84
105 104
105 105
105 111
105 114
105 116
105 139
105 143
105 154
105 161
105 163
105 164
105 176
105 177
105 191
105 195
105 197
106 3
106 7
106 12
106 26
106 33
106 35
106 36
106 46
106 47
106 49
106 61
106 65
106 75
106 77
106 85
106 93
106 101
106 102
106 103
106 106
106 122
106 124
106 134
106 143
106 146
106 149
106 170
106 171
106 178
106 181
106 182
106 192
106 195
107 3
107 4
107 7
107 24
107 30
107 35
107 47
107 54
107 58
107 60
107 62
107 67
107 68
107 77
107 83
107 84
107 86
107 91
107 98
107 102
107 103
107 122
107 128
107 140
107 151
107 153
107 159
107 160
107 171
107 185
107 196
108 1
108 8
108 9
108 17
108 18
108 19
108 20
108 21
108 35
108 36
108 42
108 43
108 44
108 47
108 51
108 54
108 57
108 58
108 79
108 83
108 84
108 85
108 93
108 97
108 98
108 104
108 110
108 112
108 113
108 117
108 121
108 122
108 124
108 132
108 140
108 144
108 150
108 161
108 163
108 165
108 175
108 181
108 189
108 195
109 2
109 5
109 27
109 29
109 30
109 38
109 41
109 42
109 49
109 50
109 54
109 58
109 59
109 62
109 71
109 77
109 79
109 81
109 94
109 95
109 106
109 110
109 119
109 124
109 140
109 141
109 149
109 150
109 154
109 161
109 170
109 171
109 178
109 182
109 189
109 191
110 5
110 23
110 39
110 40
110 41
110 47
110 54
110 66
110 69
110 73
110 75
110 81
110 82
110 87
110 90
110 98
110 105
110 106
110 112
110 121
110 123
110 124
110 139
110 141
110 142
110 145
110 154
110 165
110 168
110 178
110 198
110 199
111 1
111 3
111 25
111 28
111 31
111 33
111 35
111 41
111 50
111 55
111 56
111 57
111 61
111 67
111 70
111 71
111 72
111 74
111 77
111 80
111 82
111 90
111 98
111 107
111 111
111 114
111 118
111 122
111 123
111 127
111 129
111 144
111 162
111 169
111 171
111 173
111 176
111 182
111 185
111 186
111 193
112 3
112 5
112 14
112 25
112 28
112 29
112 31
112 32
112 33
112 34
112 54
112 57
112 66
112 69
112 74
112 85
112 86
112 90
112 92
112 94
112 102
112 105
112 110
112 111
112 118
112 121
112 123
112 126
112 132
112 138
112 139
112 140
112 143
112 144
112 148
112 149
112 158
112 164
112 172
112 184
112 185
112 187
112 191
113 8
113 9
113 11
113 13
113 16
113 23
113 24
113 28
113 47
113 52
113 55
113 59
113 72
113 73
113 78
113 79
113 89
113 90
113 95
113 97
113 104
113 109
113 119
113 120
113 124
113 128
113 133
113 139
113 143
113 155
113 162
113 177
113 178
113 190
113 192
113 195
113 199
114 6
114 11
114 14
114 18
114 29
114 48
114 51
114 53
114 56
114 64
114 74
114 77
114 79
114 91
114 92
114 93
114 103
114 110
114 111
114 122
114 123
114 128
114 129
114 131
114 133
114 137
114 148
114 159
114 164
114 181
114 182
114 194
114 196
115 1
115 2
115 3
115 9
115 10
115 11
115 12
115 15
115 16
115 18
115 20
115 24
115 26
115 38
115 39
115 44
115 50
115 52
115 76
115 77
115 78
115 79
115 84
115 85
115 91
115 94
115 99
115 100
115 104
115 108
115 110
115 113
115 116
115 119
115 120
115 123
115 134
115 141
115 147
115 150
115 176
115 183
115 187
115 188
115 198
116 14
116 16
116 18
116 24
116 29
116 37
116 39
116 41
116 45
116 69
116 94
116 97
116 104
116 127
116 129
116 130
116 135
116 136
116 144
116 150
116 153
116 165
116 166
116 168
116 171
116 189
116 198
117 3
117 5
117 10
117 17
117 20
117 22
117 23
117 26
117 36
117 38
117 47
117 53
117 57
117 61
117 68
117 70
117 73
117 79
117 84
117 89
117 93
117 99
117 101
117 110
117 113
117 117
117 123
117 126
117 128
117 130
117 132
117 142
117 149
117 158
117 171
117 173
117 174
117 180
117 183
117 187
117 191
117 193
117 199
118 2
118 9
118 10
118 20
118 21
118 23
118 29
118 30
118 34
118 36
118 42
118 48
118 64
118 75
118 80
118 82
118 83
118 85
118 87
118 91
118 94
118 101
118 109
118 110
118 113
118 118
118 131
118 133
118 134
118 136
118 137
118 144
118 146
118 149
118 156
118 158
118 169
118 171
118 173
118 180
118 183
118 188
118 189
119 13
119 23
119 25
119 34
119 35
119 42
119 52
119 70
119 81
119 85
119 89
119 90
119 94
119 104
119 105
119 120
119 125
119 145
119 146
119 147
119 152
119 158
119 159
119 161
119 173
119 180
119 181
119 182
119 186
119 191
119 193
119 194
119 195
120 12
120 14
120 17
120 19
120 22
120 24
120 30
120 31
120 33
120 34
120 62
120 66
120 72
120 73
120 74
120 82
120 85
120 102
120 108
120 111
120 115
120 116
120 120
120 127
120 131
120 145
120 148
120 154
120 168
120 169
120 171
120 177
120 179
120 181
120 184
120 191
120 193
120 195
120 198
120 199
121 5
121 21
121 23
121 26
121 34
121 43
121 50
121 54
121 69
121 71
121 75
121 76
121 79
121 98
121 103
121 118
121 125
121 126
121 127
121 141
121 159
121 164
121 171
121 172
121 173
121 182
121 198
122 8
122 13
122 16
122 24
122 26
122 35
122 41
122 48
122 49
122 57
122 61
122 63
122 66
122 73
122 81
122 90
122 94
122 116
122 121
122 135
122 150
122 160
122 162
122 199
123 8
123 10
123 12
123 13
123 17
123 23
123 37
123 52
123 66
123 82
123 98
123 103
123 105
123 109
123 117
123 127
123 135
123 137
123 150
123 154
123 174
123 177
123 187
123 189
124 2
124 3
124 6
124 16
124 17
124 36
124 37
124 51
124 73
124 77
124 82
124 85
124 96
124 98
124 99
124 104
124 106
124 118
124 121
124 125
124 168
124 169
124 173
124 178
124 184
124 185
124 199
125 4
125 7
125 12
125 13
125 15
125 23
125 28
125 38
125 41
125 42
125 44
125 46
125 51
125 57
125 66
125 84
125 85
125 91
125 98
125 100
125 106
125 123
125 131
125 156
125 159
125 161
125 183
125 184
126 2
126 12
126 17
126 20
126 24
126 28
126 33
126 48
126 50
126 51
126 59
126 69
126 79
126 83
126 86
126 91
126 112
126 116
126 121
126 135
126 148
126 158
126 162
126 165
126 170
126 171
126 196
126 197
127 35
127 39
127 65
127 69
127 79
127 86
127 97
127 114
127 117
127 119
127 120
127 129
127 136
127 143
127 149
127 152
127 155
127 156
127 159
127 192
128 2
128 9
128 19
128 22
128 24
128 37
128 41
128 46
128 51
128 53
128 64
128 67
128 82
128 88
128 89
128 96
128 97
128 98
128 104
128 107
128 108
128 110
128 111
128 112
128 115
128 124
128 125
128 130
128 139
128 142
128 143
128 148
128 150
128 157
128 166
128 171
128 178
128 192
128 193
128 195
128 196
129 3
129 11
129 12
129 13
129 16
129 32
129 44
129 62
129 79
129 80
129 88
129 92
129 93
129 107
129 108
129 116
129 135
129 139
129 140
129 155
129 157
129 160
129 165
129 168
129 169
129 177
129 190
130 3
130 6
130 7
130 10
130 18
130 19
130 50
130 51
130 53
130 54
130 58
130 71
130 73
130 79
130 81
130 84
130 89
130 109
130 115
130 123
130 138
130 140
130 146
130 150
130 158
130 165
130 166
130 185
130 186
130 196
130 197
131 1
131 3
131 5
131 15
131 16
131 25
131 27
131 49
131 55
131 56
131 62
131 65
131 66
131 69
131 71
131 72
131 74
131 76
131 78
131 80
131 93
131 97
131 103
131 109
131 115
131 119
131 122
131 138
131 144
131 162
131 165
131 179
131 180
131 187
131 189
131 192
131 194
132 7
132 14
132 15
132 16
132 31
132 47
132 55
132 57
132 58
132 63
132 67
132 70
132 80
132 84
132 92
132 93
132 105
132 112
132 113
132 114
132 116
132 121
132 125
132 136
132 143
132 149
132 152
132 154
132 160
132 163
132 165
132 168
132 177
132 183
132 186
132 198
133 1
133 2
133 3
133 10
133 22
133 26
133 31
133 36
133 40
133 49
133 55
133 56
133 62
133 65
133 68
133 69
133 73
133 75
133 83
133 84
133 93
133 95
133 99
133 115
133 116
133 119
133 121
133 125
133 143
133 145
133 148
133 149
133 150
133 154
133 166
133 168
133 173
133 195
133 196
133 199
134 5
134 7
134 23
134 34
134 39
134 41
134 45
134 51
134 55
134 71
134 73
134 90
134 97
134 105
134 109
134 115
134 117
134 128
134 129
134 135
134 146
134 147
134 149
134 150
134 153
134 157
134 160
134 162
134 167
134 173
134 176
134 177
134 188
135 3
135 25
135 26
135 37
135 55
135 62
135 69
135 73
135 77
135 86
135 89
135 96
135 108
135 116
135 118
135 124
135 128
135 130
135 132
135 139
135 142
135 148
135 149
135 159
135 162
135 169
135 170
135 180
135 182
135 183
135 192
135 195
136 5
136 6
136 7
136 18
136 19
136 23
136 25
136 29
136 33
136 36
136 37
136 38
136 39
136 43
136 44
136 50
136 62
136 64
136 66
136 73
136 93
136 108
136 111
136 118
136 123
136 125
136 132
136 133
136 137
136 138
136 139
136 146
136 147
136 155
136 158
136 159
136 161
136 163
136 164
136 175
136 186
136 187
136 191
136 193
136 198
137 3
137 7
137 9
137 16
137 20
137 24
137 33
137 35
137 37
137 49
137 52
137 53
137 63
137 68
137 76
137 82
137 85
137 90
137 96
137 104
137 106
137 118
137 121
137 123
137 124
137 128
137 133
137 137
137 147
137 150
137 151
137 155
137 165
137 171
137 188
137 190
137 193
137 199
138 13
138 20
138 22
138 27
138 31
138 37
138 46
138 47
138 53
138 60
138 62
138 63
138 73
138 75
138 77
138 78
138 79
138 83
138 87
138 91
138 95
138 105
138 113
138 123
138 125
138 135
138 141
138 147
138 152
138 157
138 159
138 163
138 169
138 172
138 173
138 174
138 178
138 183
138 184
138 186
138 188
139 11
139 14
139 26
139 33
139 36
139 37
139 38
139 44
139 55
139 57
139 66
139 67
139 70
139 73
139 75
139 78
139 83
139 94
139 104
139 121
139 152
139 159
139 166
139 170
139 171
139 173
139 174
139 176
139 185
139 187
139 189
140 1
140 9
140 21
140 22
140 36
140 37
140 38
140 39
140 56
140 82
140 86
140 89
140 98
140 104
140 124
140 125
140 127
140 130
140 132
140 135
140 154
140 155
140 159
140 161
140 170
140 174
140 189
140 196
141 3
141 6
141 23
141 34
141 40
141 56
141 57
141 58
141 76
141 81
141 92
141 93
141 99
141 106
141 122
141 141
141 152
141 155
141 157
141 160
141 163
141 168
141 178
141 189
141 192
141 194
142 3
142 10
142 22
142 26
142 28
142 30
142 31
142 32
142 40
142 41
142 42
142 47
142 66
142 80
142 85
142 88
142 92
142 96
142 98
142 101
142 104
142 106
142 111
142 118
142 122
142 124
142 126
142 129
142 140
142 144
142 157
142 160
142 163
142 166
142 173
142 187
142 190
142 191
143 1
143 3
143 9
143 20
143 21
143 22
143 25
143 27
143 28
143 32
143 42
143 49
143 58
143 63
143 71
143 88
143 90
143 92
143 96
143 99
143 108
143 111
143 112
143 113
143 114
143 130
143 138
143 140
143 142
143 147
143 148
143 161
143 167
143 171
143 174
143 178
143 181
143 183
143 191
143 192
144 1
144 6
144 14
144 15
144 16
144 19
144 31
144 35
144 46
144 55
144 66
144 67
144 82
144 83
144 87
144 89
144 92
144 101
144 110
144 112
144 113
144 126
144 129
144 146
144 149
144 156
144 169
144 178
144 179
144 180
144 181
144 190
144 193
145 3
145 9
145 11
145 17
145 48
145 51
145 52
145 56
145 57
145 60
145 63
145 72
145 79
145 93
145 94
145 95
145 97
145 109
145 112
145 114
145 116
145 117
145 119
145 122
145 125
145 132
145 134
145 145
145 150
145 151
145 154
145 158
145 161
145 164
145 171
145 182
145 185
145 189
145 197
146 8
146 19
146 25
146 26
146 27
146 30
146 45
146 46
146 52
146 56
146 65
146 75
146 80
146 83
146 86
146 91
146 98
146 103
146 110
146 116
146 120
146 130
146 135
146 144
146 148
146 150
146 154
146 162
146 164
146 165
146 169
146 171
146 180
146 182
146 185
146 190
147 20
147 21
147 25
147 29
147 35
147 36
147 42
147 44
147 46
147 49
147 50
147 63
147 68
147 74
147 76
147 84
147 87
147 91
147 94
147 107
147 120
147 123
147 131
147 135
147 136
147 145
147 148
147 150
147 159
147 162
147 164
147 167
147 179
147 184
147 185
147 189
147 192
147 198
148 1
148 3
148 6
148 7
148 15
148 25
148 41
148 45
148 51
148 52
148 56
148 59
148 72
148 76
148 103
148 105
148 112
148 120
148 124
148 126
148 127
148 135
148 138
148 144
148 149
148 150
148 158
148 162
148 170
148 178
148 180
149 2
149 8
149 13
149 19
149 28
149 32
149 35
149 37
149 45
149 65
149 79
149 81
149 83
149 86
149 89
149 92
149 98
149 103
149 104
149 115
149 118
149 130
149 134
149 138
149 139
149 143
149 151
149 153
149 159
149 167
149 169
149 170
149 172
149 173
149 178
149 189
150 7
150 19
150 25
150 41
150 44
150 45
150 47
150 49
150 52
150 70
150 75
150 78
150 80
150 81
150 95
150 97
150 100
150 107
150 112
150 117
150 120
150 121
150 124
150 126
150 141
150 144
150 145
150 150
150 153
150 156
150 162
150 164
150 169
150 178
150 199
151 7
151 9
151 11
151 14
151 22
151 30
151 31
151 52
151 58
151 61
151 63
151 65
151 66
151 70
151 72
151 73
151 79
151 91
151 100
151 105
151 108
151 121
151 124
151 129
151 131
151 132
151 134
151 135
151 140
151 148
151 150
151 152
151 156
151 163
151 176
151 180
151 183
151 189
151 195
152 3
152 9
152 22
152 28
152 30
152 31
152 42
152 50
152 51
152 72
152 75
152 76
152 81
152 84
152 93
152 101
152 112
152 114
152 123
152 124
152 125
152 127
152 131
152 134
152 138
152 142
152 143
152 144
152 161
152 178
152 187
152 190
153 3
153 9
153 15
153 19
153 23
153 49
153 52
153 56
153 60
153 68
153 73
153 78
153 87
153 105
153 106
153 111
153 114
153 129
153 135
153 139
153 144
153 145
153 147
153 150
153 152
153 155
153 166
153 177
153 184
154 13
154 19
154 21
154 29
154 31
154 32
154 34
154 42
154 44
154 48
154 54
154 56
154 62
154 66
154 73
154 78
154 88
154 89
154 91
154 111
154 118
154 137
154 147
154 158
154 163
154 166
154 169
154 173
154 185
155 15
155 26
155 28
155 30
155 36
155 40
155 46
155 51
155 59
155 82
155 83
155 89
155 90
155 91
155 95
155 98
155 104
155 110
155 111
155 115
155 122
155 130
155 131
155 135
155 140
155 145
155 152
155 160
155 164
155 171
155 174
155 180
155 181
155 185
155 188
155 189
155 191
155 195
156 2
156 4
156 12
156 21
156 27
156 31
156 34
156 37
156 46
156 47
156 52
156 60
156 68
156 85
156 90
156 96
156 97
156 121
156 126
156 131
156 138
156 140
156 142
156 150
156 151
156 181
156 185
156 194
157 3
157 11
157 15
157 25
157 30
157 40
157 47
157 54
157 55
157 59
157 63
157 65
157 67
157 71
157 72
157 75
157 76
157 90
157 91
157 100
157 117
157 118
157 123
157 128
157 136
157 150
157 154
157 164
157 169
157 185
157 188
157 191
157 192
157 194
157 195
157 197
157 198
158 2
158 9
158 10
158 14
158 16
158 22
158 24
158 26
158 29
158 30
158 37
158 39
158 54
158 80
158 81
158 86
158 88
158 96
158 110
158 115
158 145
158 155
158 160
158 166
158 168
158 169
158 171
158 181
158 190
158 191
158 196
158 197
159 8
159 18
159 24
159 28
159 32
159 33
159 37
159 42
159 43
159 47
159 61
159 66
159 69
159 77
159 92
159 97
159 99
159 107
159 120
159 125
159 127
159 139
159 155
159 157
159 162
159 166
159 179
159 181
159 188
159 190
159 195
160 3
160 4
160 6
160 23
160 24
160 27
160 50
160 53
160 58
160 62
160 64
160 75
160 79
160 81
160 88
160 93
160 115
160 127
160 133
160 140
160 162
160 163
160 165
160 166
160 167
160 170
160 179
160 181
160 186
160 189
160 192
161 2
161 7
161 16
161 25
161 27
161 35
161 42
161 43
161 44
161 45
161 48
161 54
161 55
161 59
161 73
161 78
161 79
161 81
161 92
161 94
161 98
161 101
161 103
161 104
161 106
161 107
161 109
161 120
161 122
161 124
161 127
161 143
161 147
161 148
161 174
161 179
161 181
161 189
161 196
161 198
162 1
162 6
162 16
162 20
162 24
162 28
162 34
162 36
162 39
162 42
162 44
162 63
162 72
162 73
162 74
162 79
162 81
162 82
162 84
162 97
162 99
162 109
162 112
162 114
162 115
162 116
162 124
162 126
162 131
162 134
162 143
162 150
162 151
162 153
162 161
162 172
162 175
162 184
163 6
163 14
163 16
163 18
163 20
163 25
163 27
163 33
163 49
163 51
163 54
163 55
163 57
163 60
163 63
163 65
163 69
163 74
163 77
163 78
163 79
163 84
163 89
163 92
163 102
163 120
163 127
163 141
163 149
163 159
163 160
163 162
163 167
163 176
163 178
163 182
163 183
163 196
163 197
163 198
164 6
164 11
164 14
164 22
164 24
164 25
164 28
164 31
164 42
164 47
164 49
164 51
164 52
164 54
164 56
164 59
164 69
164 73
164 80
164 86
164 94
164 95
164 96
164 97
164 107
164 112
164 118
164 123
164 125
164 131
164 140
164 146
164 155
164 161
164 167
164 169
164 170
164 175
164 181
165 6
165 15
165 16
165 18
165 19
165 30
165 31
165 35
165 38
165 42
165 49
165 51
165 73
165 81
165 82
165 83
165 90
165 96
165 100
165 109
165 112
165 116
165 128
165 134
165 156
165 162
165 168
165 172
165 175
165 177
165 187
165 193
166 2
166 13
166 16
166 26
166 29
166 31
166 35
166 60
166 71
166 72
166 82
166 83
166 84
166 85
166 87
166 100
166 120
166 125
166 129
166 140
166 142
166 148
166 153
166 162
166 166
166 173
166 178
166 181
166 184
166 187
166 190
166 198
166 199
167 2
167 3
167 11
167 21
167 23
167 27
167 33
167 55
167 63
167 65
167 66
167 70
167 77
167 82
167 86
167 90
167 92
167 97
167 101
167 103
167 107
167 117
167 126
167 130
167 135
167 147
167 169
167 172
167 179
167 193
167 196
168 3
168 4
168 6
168 7
168 14
168 21
168 27
168 33
168 35
168 42
168 44
168 45
168 50
168 63
168 66
168 81
168 88
168 90
168 96
168 99
168 103
168 105
168 116
168 120
168 155
168 161
168 167
168 168
168 182
168 183
168 184
168 186
168 188
168 192
168 194
168 198
169 2
169 5
169 10
169 20
169 22
169 33
169 34
169 38
169 49
169 60
169 66
169 73
169 81
169 83
169 92
169 93
169 96
169 101
169 103
169 108
169 112
169 121
169 141
169 147
169 150
169 155
169 158
169 160
169 161
169 171
169 177
169 178
169 182
169 183
169 188
169 190
169 198
169 199
170 3
170 12
170 14
170 28
170 35
170 37
170 39
170 43
170 52
170 61
170 71
170 78
170 95
170 98
170 104
170 119
170 127
170 130
170 135
170 141
170 147
170 156
170 163
170 164
170 166
170 168
170 170
170 173
170 174
170 179
170 191
170 195
170 197
171 4
171 26
171 34
171 36
171 47
171 50
171 54
171 66
171 69
171 84
171 88
171 90
171 106
171 110
171 116
171 119
171 120
171 122
171 131
171 133
171 134
171 142
171 143
171 144
171 145
171 154
171 157
171 159
171 161
171 164
171 167
171 171
171 172
171 182
171 185
171 188
172 1
172 7
172 8
172 18
172 19
172 21
172 28
172 32
172 47
172 52
172 57
172 73
172 77
172 78
172 79
172 80
172 84
172 92
172 93
172 100
172 110
172 112
172 124
172 125
172 126
172 155
172 156
172 158
172 170
172 176
172 178
173 1
173 24
173 33
173 34
173 36
173 39
173 42
173 43
173 61
173 72
173 73
173 77
173 78
173 91
173 96
173 99
173 101
173 102
173 106
173 118
173 120
173 122
173 123
173 124
173 130
173 131
173 132
173 136
173 137
173 139
173 140
173 148
173 150
173 153
173 162
173 168
173 174
173 176
173 184
173 191
173 193
173 194
174 2
174 15
174 17
174 29
174 31
174 40
174 43
174 54
174 63
174 64
174 65
174 92
174 96
174 103
174 111
174 115
174 119
174 132
174 142
174 152
174 153
174 154
174 157
174 169
174 174
174 178
174 182
174 192
175 8
175 20
175 29
175 32
175 38
175 39
175 43
175 46
175 47
175 48
175 50
175 53
175 55
175 61
175 62
175 63
175 65
175 66
175 69
175 77
175 79
175 88
175 99
175 109
175 111
175 113
175 114
175 117
175 119
175 120
175 122
175 125
175 137
175 138
175 140
175 142
175 143
175 146
175 149
175 150
175 153
175 157
175 161
175 164
175 170
175 171
175 174
175 181
175 184
175 185
175 190
175 199
176 5
176 16
176 20
176 23
176 25
176 33
176 42
176 44
176 51
176 67
176 68
176 70
176 73
176 78
176 79
176 92
176 93
176 94
176 103
176 113
176 115
176 117
176 121
176 141
176 143
176 145
176 152
176 155
176 156
176 160
176 164
176 171
176 174
176 192
176 197
176 198
177 13
177 15
177 17
177 23
177 31
177 34
177 38
177 44
177 45
177 54
177 65
177 77
177 87
177 90
177 91
177 92
177 96
177 100
177 103
177 106
177 112
177 113
177 118
177 131
177 134
177 137
177 139
177 143
177 144
177 149
177 160
177 184
177 197
178 9
178 22
178 34
178 35
178 46
178 49
178 53
178 55
178 56
178 57
178 58
178 59
178 77
178 81
178 83
178 85
178 86
178 87
178 94
178 111
178 113
178 116
178 124
178 125
178 131
178 140
178 145
178 148
178 159
178 161
178 168
178 171
178 173
178 176
178 193
178 198
179 1
179 3
179 16
179 18
179 36
179 37
179 38
179 39
179 53
179 66
179 76
179 78
179 89
179 92
179 98
179 101
179 113
179 114
179 118
179 140
179 141
179 146
179 153
179 168
179 169
179 170
179 176
179 180
179 181
179 188
179 190
179 199
180 9
180 15
180 30
180 45
180 47
180 50
180 51
180 53
180 54
180 58
180 60
180 62
180 71
180 88
180 90
180 95
180 106
180 107
180 108
180 116
180 118
180 128
180 134
180 135
180 144
180 153
180 154
180 157
180 171
180 172
180 176
180 181
180 182
180 188
180 190
180 193
180 195
180 198
181 3
181 4
181 8
181 11
181 18
181 21
181 23
181 25
181 28
181 29
181 37
181 39
181 41
181 57
181 58
181 60
181 62
181 65
181 74
181 75
181 86
181 87
181 95
181 101
181 103
181 104
181 105
181 120
181 123
181 125
181 127
181 134
181 140
181 142
181 145
181 147
181 148
181 151
181 160
181 166
181 173
181 180
181 187
181 195
182 11
182 13
182 15
182 17
182 28
182 32
182 40
182 51
182 52
182 53
182 54
182 62
182 73
182 77
182 83
182 84
182 87
182 90
182 94
182 102
182 107
182 108
182 115
182 116
182 119
182 122
182 123
182 133
182 139
182 140
182 148
182 169
182 172
182 186
182 191
182 193
183 10
183 19
183 23
183 24
183 26
183 28
183 37
183 38
183 39
183 44
183 45
183 47
183 61
183 63
183 68
183 70
183 71
183 80
183 81
183 82
183 108
183 109
183 116
183 120
183 138
183 144
183 146
183 155
183 163
183 164
183 165
183 167
183 171
183 175
183 179
183 181
183 185
183 192
183 195
183 197
183 198
184 3
184 5
184 16
184 29
184 34
184 46
184 63
184 78
184 89
184 93
184 97
184 103
184 125
184 126
184 135
184 161
184 178
185 1
185 8
185 12
185 18
185 26
185 28
185 30
185 31
185 58
185 61
185 73
185 74
185 75
185 76
185 89
185 90
185 93
185 94
185 96
185 102
185 111
185 115
185 120
185 126
185 127
185 131
185 132
185 149
185 150
185 152
185 153
185 176
185 181
185 182
185 183
185 186
185 191
186 13
186 17
186 25
186 26
186 32
186 39
186 41
186 42
186 43
186 45
186 49
186 62
186 65
186 69
186 74
186 76
186 88
186 90
186 92
186 94
186 99
186 100
186 113
186 117
186 131
186 134
186 135
186 136
186 146
186 150
186 154
186 157
186 160
186 164
186 167
186 169
186 173
186 177
186 189
187 6
187 8
187 9
187 15
187 16
187 18
187 19
187 28
187 38
187 47
187 49
187 54
187 65
187 84
187 85
187 89
187 90
187 102
187 107
187 122
187 126
187 127
187 141
187 146
187 147
187 151
187 152
187 163
187 165
187 166
187 169
187 170
187 177
187 193
187 196
188 7
188 22
188 25
188 26
188 29
188 34
188 38
188 42
188 44
188 46
188 52
188 55
188 57
188 59
188 65
188 67
188 79
188 87
188 100
188 107
188 108
188 109
188 114
188 124
188 128
188 131
188 135
188 137
188 147
188 148
188 149
188 153
188 160
188 161
188 168
188 175
188 176
188 187
188 190
188 196
189 20
189 21
189 26
189 30
189 36
189 37
189 40
189 41
189 43
189 44
189 45
189 49
189 65
189 68
189 70
189 77
189 82
189 83
189 85
189 91
189 95
189 98
189 102
189 115
189 127
189 128
189 129
189 131
189 153
189 155
189 156
189 159
189 161
189 178
189 183
189 198
190 18
190 33
190 42
190 45
190 47
190 48
190 57
190 62
190 63
190 76
190 83
190 89
190 108
190 112
190 115
190 121
190 125
190 136
190 138
190 142
190 146
190 147
190 170
190 171
190 182
190 183
190 199
191 5
191 9
191 20
191 33
191 36
191 37
191 44
191 45
191 58
191 60
191 61
191 64
191 73
191 75
191 82
191 89
191 90
191 94
191 96
191 98
191 99
191 103
191 124
191 129
191 134
191 137
191 139
191 140
191 151
191 152
191 162
191 167
191 170
191 183
191 191
191 196
192 1
192 21
192 23
192 28
192 33
192 34
192 41
192 44
192 57
192 58
192 59
192 69
192 75
192 79
192 80
192 82
192 87
192 89
192 99
192 104
192 106
192 108
192 110
192 114
192 118
192 120
192 121
192 133
192 134
192 138
192 147
192 154
192 158
192 160
192 170
192 171
192 194
192 195
193 12
193 14
193 18
193 20
193 21
193 27
193 32
193 34
193 39
193 44
193 46
193 47
193 48
193 56
193 57
193 61
193 65
193 68
193 69
193 71
193 79
193 84
193 88
193 95
193 96
193 105
193 109
193 118
193 121
193 135
193 143
193 145
193 147
193 148
193 149
193 152
193 154
193 157
193 161
193 167
193 175
193 177
193 180
193 185
193 191
193 197
193 199
194 14
194 19
194 23
194 27
194 33
194 34
194 45
194 46
194 47
194 56
194 58
194 66
194 67
194 78
194 88
194 96
194 97
194 106
194 107
194 115
194 117
194 118
194 120
194 125
194 132
194 140
194 146
194 150
194 153
194 155
194 158
194 166
194 168
194 169
194 173
194 174
194 175
194 177
194 181
194 187
194 190
194 191
194 193
194 194
195 1
195 12
195 14
195 19
195 51
195 53
195 55
195 61
195 65
195 74
195 78
195 84
195 111
195 113
195 120
195 123
195 126
195 132
195 135
195 137
195 138
195 139
195 142
195 143
195 146
195 162
195 167
195 170
195 171
195 174
195 187
195 192
195 195
195 199
196 4
196 16
196 25
196 32
196 52
196 62
196 64
196 65
196 66
196 67
196 72
196 76
196 77
196 78
196 81
196 84
196 86
196 89
196 104
196 113
196 114
196 129
196 136
196 154
196 160
196 164
196 167
196 174
196 175
196 179
196 188
197 5
197 6
197 9
197 21
197 44
197 46
197 49
197 53
197 56
197 59
197 63
197 67
197 87
197 90
197 95
197 97
197 98
197 99
197 102
197 104
197 114
197 116
197 124
197 131
197 135
197 148
197 150
197 152
197 155
197 166
197 172
197 173
197 182
197 188
197 189
198 4
198 5
198 6
198 14
198 18
198 22
198 35
198 52
198 73
198 86
198 90
198 93
198 98
198 110
198 112
198 137
198 143
198 146
198 148
198 150
198 155
198 158
198 160
198 173
198 177
198 182
198 199
199 7
199 9
199 11
199 13
199 19
199 26
199 29
199 34
199 35
199 48
199 52
199 53
199 62
199 64
199 65
199 73
199 75
199 78
199 79
199 84
199 91
199 92
199 93
199 106
199 108
199 109
199 110
199 113
199 118
199 120
199 126
199 133
199 143
199 155
199 162
199 175
199 179
199 181
199 185
199 190
199 193
