97
41 33 2 72 51 21 69 95 88 13
351
1 8
1 14
1 25
1 69
1 82
2 28
2 41
3 16
3 30
3 37
3 42
3 88
4 16
5 36
5 47
5 49
5 57
6 17
6 22
7 3
7 16
8 4
8 49
8 73
8 82
8 92
9 34
9 54
9 55
9 57
9 74
10 64
10 82
11 39
11 71
12 10
12 36
12 50
12 77
12 87
13 19
13 44
13 59
13 97
14 45
14 57
14 62
14 75
14 79
14 92
14 97
15 15
15 88
15 92
16 22
16 38
16 41
16 65
16 82
17 2
17 49
17 58
17 59
17 63
17 73
18 12
18 71
18 97
20 6
20 28
20 74
20 79
21 11
21 31
21 52
21 59
21 97
22 7
22 20
22 68
22 72
22 74
22 78
23 25
23 75
24 13
24 30
24 67
25 6
25 44
25 70
25 83
26 4
26 46
26 50
26 51
27 2
27 12
27 36
27 45
27 47
27 50
27 51
27 68
27 76
28 18
28 23
28 72
28 75
29 5
29 18
29 54
30 13
30 52
30 82
30 90
31 8
31 31
31 37
32 26
32 49
32 76
33 7
33 36
33 84
33 88
33 93
34 2
34 21
34 25
34 61
35 31
35 40
35 42
35 96
36 2
36 56
36 97
37 20
37 92
38 15
38 74
39 12
39 67
39 80
39 93
40 22
40 40
40 94
42 18
42 32
43 23
43 26
44 3
44 6
44 37
45 6
45 23
45 73
45 80
45 89
46 8
46 19
46 48
47 10
47 28
47 32
47 39
47 56
47 62
47 75
48 5
48 52
49 4
49 31
49 32
49 86
50 13
50 27
51 22
51 36
51 72
51 91
51 95
52 13
52 40
52 48
52 57
52 58
52 77
53 11
53 48
53 91
53 96
54 13
54 34
54 48
54 57
54 89
54 94
55 8
55 9
55 14
55 40
55 66
55 73
55 74
55 83
56 31
56 32
56 38
56 66
56 75
57 80
57 90
58 28
58 31
58 52
58 64
58 66
58 76
58 86
59 19
59 35
59 68
60 41
60 62
61 27
61 40
61 42
61 43
61 63
62 4
62 83
62 85
62 97
63 35
63 85
63 89
64 91
65 35
65 54
65 64
65 69
65 84
66 1
66 24
67 86
68 24
68 54
68 63
68 70
68 93
69 26
70 5
70 82
70 89
71 60
71 74
72 5
72 31
72 32
72 42
72 49
72 50
72 69
73 38
73 72
74 21
74 32
74 37
74 69
75 30
76 61
76 90
77 12
77 15
77 48
78 11
78 41
79 75
79 81
80 93
81 10
81 16
81 75
82 54
82 70
82 85
82 88
83 58
83 96
84 10
84 15
85 2
85 13
85 59
85 66
86 5
86 30
86 67
86 86
86 87
87 17
87 21
87 49
87 79
87 80
88 56
89 32
89 64
89 82
89 88
89 91
89 93
89 94
90 13
90 28
90 29
90 30
90 73
90 85
90 96
91 3
91 19
91 62
91 65
91 68
91 82
91 85
91 97
92 11
92 38
92 57
92 59
92 71
92 76
93 20
93 31
93 93
94 38
94 69
95 9
95 70
96 1
96 15
96 16
96 42
96 52
96 54
96 59
