44
21 32 9 42 12 36 38 40 12 15
151
2 12
2 27
3 9
3 34
3 41
4 11
4 17
4 35
5 19
5 31
6 29
7 3
7 9
7 17
7 21
7 37
7 41
8 23
8 35
8 41
8 43
9 3
9 5
9 14
9 21
9 24
9 26
9 28
9 41
10 14
10 38
10 42
10 44
11 4
11 26
12 2
12 4
12 14
12 29
12 31
12 39
13 20
14 4
14 6
14 8
14 16
14 36
15 2
15 12
15 22
15 28
15 42
16 12
16 28
16 36
17 4
17 15
17 37
18 17
18 22
18 24
18 32
18 34
19 12
19 16
19 20
20 26
20 28
20 29
20 40
21 34
21 38
21 39
22 3
22 4
22 16
23 5
23 33
24 1
24 9
24 27
25 7
25 9
25 25
25 31
25 37
25 41
25 43
26 4
26 21
26 25
26 37
27 13
27 14
27 25
27 29
28 1
28 11
28 24
28 32
28 34
28 41
29 4
29 16
29 18
29 25
29 27
29 39
30 5
30 10
30 13
30 17
31 5
31 21
31 25
31 29
33 5
33 8
33 21
33 27
34 5
34 35
36 16
36 40
37 16
37 21
37 37
37 42
38 3
38 8
38 9
38 44
39 28
40 6
40 16
40 22
41 12
41 13
41 38
41 39
42 14
42 20
42 29
42 42
43 6
43 17
44 3
44 23
44 26
44 34
44 36
