222
114 23 3 199 111 115 211 220 18 71
10001
1 1
1 4
1 5
1 13
1 15
1 17
1 25
1 29
1 37
1 49
1 54
1 73
1 77
1 82
1 83
1 85
1 91
1 93
1 109
1 115
1 117
1 124
1 127
1 130
1 141
1 145
1 148
1 153
1 161
1 165
1 166
1 178
1 190
1 193
1 197
1 199
1 205
1 221
2 1
2 7
2 11
2 15
2 32
2 39
2 43
2 45
2 47
2 48
2 55
2 61
2 63
2 67
2 68
2 71
2 75
2 79
2 81
2 91
2 95
2 99
2 101
2 112
2 113
2 115
2 124
2 131
2 135
2 147
2 151
2 161
2 171
2 181
2 183
2 184
2 187
2 191
2 192
2 196
2 197
2 202
2 207
2 209
2 211
2 214
2 219
2 220
3 1
3 19
3 25
3 28
3 34
3 43
3 49
3 51
3 61
3 73
3 77
3 81
3 87
3 88
3 95
3 106
3 120
3 124
3 129
3 130
3 137
3 141
3 145
3 148
3 153
3 155
3 157
3 159
3 163
3 168
3 169
3 172
3 173
3 177
3 181
3 182
3 189
3 197
3 200
3 202
3 207
3 208
3 215
3 218
3 220
3 222
4 2
4 3
4 9
4 24
4 28
4 32
4 34
4 38
4 40
4 46
4 50
4 56
4 58
4 60
4 62
4 68
4 70
4 74
4 76
4 86
4 92
4 96
4 97
4 102
4 104
4 110
4 112
4 116
4 118
4 132
4 137
4 141
4 143
4 152
4 155
4 159
4 164
4 168
4 172
4 173
4 177
4 182
4 184
4 191
4 199
4 200
4 204
4 218
5 1
5 2
5 10
5 23
5 26
5 32
5 36
5 38
5 42
5 46
5 59
5 62
5 68
5 72
5 76
5 77
5 86
5 89
5 103
5 105
5 107
5 110
5 113
5 116
5 122
5 126
5 134
5 149
5 150
5 151
5 162
5 163
5 164
5 166
5 167
5 170
5 171
5 173
5 178
5 179
5 182
5 186
5 191
5 199
5 202
5 203
5 206
5 221
6 2
6 8
6 14
6 22
6 24
6 26
6 32
6 33
6 34
6 41
6 42
6 44
6 47
6 48
6 53
6 56
6 58
6 61
6 71
6 72
6 74
6 80
6 82
6 92
6 94
6 96
6 104
6 106
6 116
6 122
6 123
6 132
6 134
6 137
6 140
6 143
6 144
6 145
6 148
6 152
6 156
6 164
6 165
6 184
6 188
6 191
6 200
6 208
6 214
6 215
6 220
7 2
7 7
7 11
7 14
7 18
7 22
7 30
7 31
7 34
7 36
7 44
7 46
7 56
7 58
7 66
7 72
7 74
7 75
7 80
7 92
7 98
7 102
7 104
7 109
7 110
7 114
7 125
7 128
7 130
7 135
7 146
7 148
7 150
7 152
7 153
7 155
7 161
7 163
7 170
7 179
7 180
7 182
7 185
7 188
7 190
7 214
7 218
7 219
7 221
8 4
8 5
8 8
8 10
8 11
8 14
8 16
8 20
8 23
8 26
8 27
8 29
8 32
8 34
8 44
8 45
8 48
8 59
8 68
8 76
8 82
8 83
8 88
8 91
8 92
8 96
8 100
8 101
8 108
8 113
8 116
8 120
8 122
8 134
8 135
8 136
8 140
8 142
8 144
8 146
8 148
8 154
8 162
8 164
8 172
8 176
8 179
8 181
8 184
8 185
8 192
8 200
8 203
8 204
8 212
8 217
8 218
8 221
9 2
9 5
9 8
9 10
9 14
9 18
9 20
9 24
9 26
9 34
9 46
9 47
9 54
9 58
9 70
9 74
9 76
9 77
9 78
9 92
9 98
9 99
9 104
9 110
9 113
9 114
9 118
9 124
9 128
9 131
9 134
9 140
9 146
9 148
9 150
9 163
9 166
9 169
9 170
9 182
9 185
9 187
9 190
9 196
9 202
9 203
9 206
9 222
10 8
10 9
10 20
10 36
10 38
10 39
10 42
10 50
10 55
10 56
10 59
10 62
10 65
10 74
10 76
10 79
10 80
10 84
10 86
10 92
10 93
10 104
10 108
10 112
10 118
10 131
10 140
10 148
10 161
10 164
10 173
10 176
10 179
10 182
10 184
10 187
10 197
10 200
10 204
10 208
10 210
10 212
10 218
11 1
11 7
11 8
11 14
11 16
11 17
11 20
11 22
11 25
11 32
11 36
11 40
11 46
11 55
11 56
11 59
11 62
11 68
11 70
11 71
11 74
11 75
11 76
11 80
11 82
11 83
11 85
11 86
11 98
11 100
11 104
11 110
11 113
11 118
11 120
11 125
11 126
11 133
11 138
11 140
11 144
11 145
11 146
11 149
11 155
11 158
11 159
11 160
11 162
11 174
11 178
11 180
11 182
11 184
11 185
11 188
11 192
11 194
11 195
11 197
11 205
11 206
11 210
12 2
12 4
12 8
12 21
12 26
12 44
12 47
12 50
12 52
12 53
12 56
12 59
12 60
12 64
12 68
12 80
12 83
12 86
12 88
12 98
12 100
12 102
12 108
12 113
12 116
12 120
12 131
12 132
12 136
12 137
12 140
12 141
12 143
12 144
12 148
12 150
12 152
12 168
12 169
12 170
12 175
12 180
12 188
12 192
12 194
12 198
12 200
12 204
12 205
12 206
12 216
12 218
13 1
13 2
13 9
13 10
13 13
13 14
13 22
13 27
13 29
13 34
13 44
13 54
13 56
13 59
13 60
13 65
13 66
13 70
13 71
13 73
13 74
13 75
13 78
13 84
13 90
13 95
13 98
13 101
13 108
13 115
13 116
13 118
13 122
13 132
13 134
13 137
13 141
13 149
13 167
13 170
13 173
13 180
13 194
13 196
13 200
13 206
13 207
13 222
14 2
14 8
14 14
14 16
14 20
14 21
14 23
14 26
14 27
14 31
14 32
14 41
14 45
14 47
14 48
14 50
14 65
14 72
14 76
14 80
14 83
14 104
14 110
14 116
14 122
14 124
14 136
14 141
14 143
14 149
14 161
14 164
14 174
14 176
14 194
14 199
14 200
14 206
14 212
15 2
15 10
15 14
15 20
15 21
15 22
15 24
15 32
15 38
15 40
15 42
15 55
15 56
15 57
15 58
15 62
15 64
15 69
15 71
15 74
15 80
15 86
15 92
15 96
15 102
15 107
15 110
15 112
15 118
15 119
15 126
15 128
15 130
15 133
15 134
15 141
15 143
15 144
15 146
15 150
15 155
15 166
15 170
15 174
15 176
15 178
15 180
15 182
15 186
15 187
15 192
15 194
15 197
15 200
15 206
15 209
15 212
15 216
15 218
16 6
16 12
16 19
16 22
16 25
16 26
16 36
16 39
16 40
16 41
16 76
16 83
16 86
16 89
16 92
16 98
16 108
16 118
16 122
16 124
16 131
16 137
16 140
16 152
16 162
16 164
16 168
16 170
16 176
16 180
16 185
16 186
16 188
16 200
16 203
16 204
16 206
16 216
16 220
17 5
17 12
17 14
17 20
17 22
17 26
17 36
17 38
17 46
17 50
17 66
17 71
17 77
17 82
17 90
17 95
17 96
17 110
17 118
17 120
17 126
17 134
17 154
17 158
17 160
17 167
17 170
17 182
17 188
17 198
17 200
17 205
17 206
17 213
17 221
18 8
18 14
18 16
18 22
18 48
18 52
18 56
18 62
18 78
18 81
18 87
18 93
18 95
18 97
18 101
18 102
18 103
18 105
18 115
18 117
18 126
18 131
18 133
18 145
18 151
18 153
18 157
18 161
18 173
18 177
18 181
18 189
18 193
18 213
19 1
19 3
19 7
19 16
19 19
19 21
19 27
19 32
19 35
19 37
19 39
19 42
19 44
19 51
19 53
19 57
19 67
19 73
19 81
19 86
19 103
19 111
19 113
19 114
19 119
19 122
19 123
19 125
19 129
19 139
19 143
19 144
19 151
19 153
19 154
19 158
19 162
19 163
19 165
19 167
19 171
19 172
19 174
19 177
19 179
19 183
19 187
19 190
19 195
19 199
19 207
19 216
19 217
19 221
20 6
20 7
20 8
20 17
20 21
20 27
20 29
20 33
20 51
20 57
20 60
20 61
20 63
20 77
20 78
20 80
20 82
20 89
20 93
20 105
20 109
20 113
20 116
20 117
20 118
20 123
20 125
20 132
20 141
20 142
20 145
20 153
20 154
20 159
20 167
20 169
20 171
20 177
20 180
20 183
20 191
20 192
20 195
20 199
20 207
20 209
20 215
21 2
21 3
21 5
21 13
21 19
21 27
21 33
21 48
21 53
21 59
21 61
21 67
21 75
21 79
21 80
21 83
21 87
21 90
21 91
21 99
21 100
21 106
21 111
21 114
21 117
21 135
21 136
21 139
21 146
21 147
21 151
21 154
21 155
21 159
21 162
21 170
21 171
21 173
21 177
21 187
21 188
21 200
21 203
21 204
21 205
21 217
21 219
21 221
21 222
22 3
22 9
22 11
22 12
22 13
22 20
22 27
22 31
22 33
22 42
22 46
22 57
22 59
22 65
22 77
22 81
22 87
22 93
22 99
22 101
22 103
22 110
22 115
22 117
22 120
22 121
22 141
22 157
22 165
22 169
22 174
22 177
22 180
22 183
22 188
22 189
22 193
22 201
22 206
22 207
22 219
22 220
22 221
23 8
23 9
23 11
23 15
23 18
23 19
23 24
23 25
23 36
23 42
23 43
23 50
23 51
23 59
23 60
23 69
23 74
23 75
23 77
23 83
23 84
23 87
23 93
23 99
23 104
23 105
23 109
23 110
23 111
23 112
23 115
23 118
23 120
23 121
23 123
23 135
23 139
23 141
23 145
23 151
23 153
23 155
23 157
23 164
23 168
23 171
23 173
23 177
23 179
23 187
23 188
23 195
23 202
23 204
23 216
23 219
23 221
24 5
24 6
24 9
24 18
24 21
24 23
24 27
24 36
24 37
24 41
24 42
24 45
24 48
24 53
24 57
24 74
24 75
24 77
24 81
24 87
24 95
24 96
24 100
24 102
24 110
24 114
24 117
24 118
24 122
24 123
24 125
24 129
24 130
24 141
24 150
24 156
24 162
24 165
24 169
24 171
24 174
24 177
24 181
24 183
24 185
24 195
24 197
24 201
24 213
24 215
24 217
24 219
25 3
25 11
25 15
25 33
25 37
25 45
25 47
25 63
25 74
25 77
25 83
25 91
25 92
25 93
25 105
25 121
25 123
25 124
25 131
25 138
25 139
25 147
25 151
25 159
25 160
25 168
25 171
25 174
25 180
25 183
25 187
25 191
25 198
25 201
25 203
25 207
25 215
25 219
25 220
26 1
26 3
26 9
26 13
26 15
26 29
26 33
26 37
26 39
26 41
26 45
26 47
26 51
26 53
26 69
26 77
26 79
26 81
26 83
26 84
26 93
26 99
26 105
26 123
26 126
26 132
26 145
26 150
26 151
26 152
26 153
26 165
26 179
26 181
26 183
26 184
26 185
26 189
26 191
26 192
26 195
26 217
27 3
27 7
27 23
27 27
27 33
27 42
27 43
27 47
27 48
27 52
27 54
27 57
27 63
27 66
27 67
27 68
27 70
27 78
27 83
27 87
27 91
27 99
27 108
27 111
27 112
27 120
27 123
27 135
27 151
27 153
27 163
27 165
27 167
27 171
27 178
27 179
27 189
27 192
27 200
27 201
27 207
27 219
28 3
28 7
28 15
28 17
28 21
28 26
28 27
28 37
28 38
28 45
28 51
28 54
28 61
28 63
28 68
28 69
28 76
28 86
28 93
28 98
28 99
28 105
28 113
28 117
28 125
28 129
28 131
28 136
28 141
28 158
28 159
28 164
28 172
28 174
28 177
28 179
28 184
28 190
28 196
28 197
28 198
28 199
28 201
28 210
28 213
29 2
29 3
29 12
29 18
29 19
29 20
29 23
29 33
29 35
29 42
29 51
29 60
29 62
29 69
29 73
29 75
29 87
29 95
29 98
29 117
29 119
29 123
29 127
29 135
29 141
29 146
29 159
29 167
29 172
29 173
29 176
29 177
29 179
29 180
29 191
29 195
29 198
29 207
29 213
29 215
30 3
30 5
30 13
30 21
30 26
30 27
30 33
30 38
30 45
30 49
30 52
30 69
30 71
30 73
30 78
30 80
30 81
30 89
30 95
30 108
30 113
30 115
30 117
30 121
30 125
30 130
30 135
30 141
30 144
30 148
30 149
30 152
30 153
30 159
30 161
30 165
30 166
30 168
30 176
30 177
30 180
30 184
30 185
30 189
30 193
30 195
30 198
30 205
30 207
30 213
31 3
31 12
31 13
31 19
31 23
31 27
31 33
31 39
31 47
31 51
31 52
31 66
31 67
31 69
31 72
31 75
31 77
31 93
31 96
31 104
31 105
31 110
31 111
31 117
31 120
31 126
31 130
31 138
31 141
31 147
31 150
31 159
31 168
31 175
31 178
31 183
31 195
31 201
32 1
32 2
32 3
32 18
32 29
32 33
32 37
32 45
32 48
32 49
32 51
32 53
32 57
32 58
32 59
32 66
32 71
32 77
32 83
32 85
32 86
32 87
32 97
32 99
32 103
32 105
32 112
32 113
32 114
32 117
32 120
32 123
32 129
32 132
32 135
32 137
32 141
32 144
32 146
32 149
32 156
32 165
32 181
32 183
32 189
32 193
32 195
32 201
32 209
32 210
32 212
32 213
32 219
33 3
33 12
33 15
33 21
33 25
33 27
33 31
33 36
33 47
33 49
33 59
33 63
33 67
33 71
33 73
33 77
33 93
33 96
33 99
33 100
33 103
33 105
33 107
33 111
33 114
33 117
33 119
33 128
33 132
33 135
33 143
33 144
33 151
33 154
33 159
33 162
33 163
33 166
33 167
33 170
33 180
33 181
33 185
33 187
33 195
33 198
33 199
33 201
33 207
33 219
34 3
34 5
34 6
34 19
34 28
34 38
34 39
34 46
34 48
34 57
34 63
34 65
34 66
34 71
34 74
34 81
34 85
34 93
34 97
34 109
34 117
34 121
34 124
34 125
34 129
34 141
34 147
34 152
34 154
34 155
34 156
34 161
34 176
34 183
34 201
34 202
34 213
34 214
34 222
35 1
35 3
35 7
35 11
35 15
35 17
35 21
35 23
35 31
35 36
35 43
35 47
35 49
35 53
35 54
35 55
35 59
35 61
35 63
35 67
35 75
35 87
35 91
35 96
35 98
35 102
35 108
35 111
35 116
35 121
35 126
35 141
35 143
35 154
35 159
35 169
35 171
35 173
35 177
35 184
35 187
35 189
35 204
35 210
35 211
35 213
35 219
36 9
36 10
36 14
36 21
36 25
36 26
36 27
36 31
36 37
36 45
36 47
36 49
36 56
36 57
36 60
36 71
36 72
36 73
36 77
36 81
36 85
36 90
36 94
36 99
36 105
36 111
36 114
36 117
36 126
36 131
36 132
36 135
36 145
36 149
36 153
36 156
36 173
36 174
36 177
36 180
36 182
36 185
36 189
36 195
36 210
36 211
36 213
37 4
37 13
37 15
37 23
37 25
37 27
37 33
37 35
37 39
37 41
37 47
37 57
37 59
37 65
37 69
37 81
37 87
37 89
37 90
37 95
37 111
37 118
37 119
37 122
37 126
37 131
37 143
37 151
37 153
37 165
37 167
37 171
37 173
37 174
37 182
37 184
37 195
37 198
37 207
37 209
37 210
37 211
37 217
37 220
38 1
38 3
38 8
38 15
38 25
38 33
38 34
38 37
38 45
38 51
38 52
38 54
38 55
38 56
38 60
38 61
38 64
38 69
38 71
38 77
38 81
38 84
38 93
38 96
38 101
38 105
38 106
38 115
38 117
38 129
38 130
38 132
38 141
38 153
38 159
38 160
38 161
38 167
38 176
38 182
38 186
38 188
38 189
38 190
38 193
38 195
38 197
38 202
38 206
38 207
38 216
38 222
39 10
39 11
39 15
39 21
39 23
39 37
39 45
39 46
39 54
39 55
39 61
39 63
39 67
39 75
39 77
39 79
39 88
39 90
39 99
39 109
39 115
39 119
39 122
39 131
39 135
39 143
39 151
39 155
39 169
39 171
39 172
39 175
39 184
39 189
39 195
39 198
39 199
39 201
39 207
39 210
39 219
39 220
40 3
40 9
40 12
40 15
40 18
40 21
40 26
40 29
40 39
40 49
40 51
40 55
40 65
40 67
40 69
40 70
40 72
40 75
40 81
40 85
40 92
40 96
40 102
40 107
40 108
40 109
40 115
40 117
40 121
40 129
40 134
40 141
40 149
40 153
40 157
40 171
40 174
40 178
40 186
40 192
40 199
40 205
40 210
40 213
41 5
41 11
41 13
41 15
41 19
41 20
41 23
41 26
41 28
41 31
41 37
41 42
41 47
41 49
41 50
41 51
41 59
41 63
41 64
41 71
41 73
41 75
41 77
41 78
41 81
41 83
41 87
41 91
41 99
41 105
41 111
41 114
41 115
41 123
41 132
41 143
41 145
41 146
41 156
41 159
41 165
41 166
41 167
41 168
41 169
41 171
41 195
41 199
41 201
41 204
41 207
41 208
41 222
42 13
42 17
42 18
42 39
42 43
42 45
42 49
42 57
42 69
42 80
42 81
42 85
42 90
42 93
42 94
42 96
42 99
42 105
42 108
42 117
42 129
42 137
42 138
42 141
42 153
42 162
42 163
42 165
42 166
42 172
42 177
42 179
42 196
42 205
42 207
42 213
42 216
42 222
43 3
43 17
43 19
43 27
43 35
43 39
43 41
43 46
43 75
43 79
43 92
43 93
43 95
43 97
43 99
43 103
43 111
43 119
43 125
43 129
43 133
43 135
43 137
43 150
43 151
43 155
43 162
43 173
43 174
43 176
43 186
43 189
43 195
43 199
43 202
43 207
43 210
43 215
43 218
43 219
43 220
44 13
44 19
44 25
44 33
44 36
44 41
44 45
44 57
44 63
44 69
44 81
44 87
44 93
44 96
44 109
44 110
44 114
44 117
44 123
44 139
44 141
44 145
44 147
44 157
44 165
44 193
44 195
44 198
44 201
44 204
44 205
44 209
44 213
44 219
44 221
45 3
45 5
45 9
45 10
45 15
45 21
45 24
45 27
45 31
45 33
45 38
45 39
45 41
45 51
45 55
45 66
45 75
45 76
45 77
45 81
45 87
45 90
45 100
45 105
45 111
45 115
45 123
45 128
45 135
45 143
45 145
45 153
45 159
45 163
45 169
45 171
45 173
45 183
45 191
45 207
45 222
46 1
46 3
46 5
46 15
46 17
46 21
46 24
46 30
46 44
46 45
46 57
46 60
46 65
46 66
46 67
46 71
46 73
46 75
46 77
46 84
46 87
46 93
46 95
46 99
46 101
46 104
46 105
46 109
46 111
46 117
46 125
46 126
46 129
46 141
46 149
46 156
46 159
46 160
46 165
46 177
46 183
46 184
46 185
46 186
46 187
46 188
46 190
46 195
46 201
46 207
46 213
46 215
46 219
46 222
47 3
47 8
47 12
47 15
47 19
47 20
47 21
47 23
47 27
47 28
47 33
47 37
47 45
47 51
47 63
47 79
47 81
47 87
47 99
47 103
47 107
47 114
47 123
47 126
47 131
47 135
47 139
47 141
47 143
47 145
47 159
47 164
47 175
47 183
47 188
47 195
47 202
47 205
48 6
48 9
48 12
48 13
48 19
48 21
48 33
48 41
48 49
48 53
48 54
48 57
48 61
48 64
48 66
48 77
48 87
48 89
48 108
48 117
48 124
48 130
48 132
48 139
48 143
48 145
48 149
48 151
48 152
48 153
48 157
48 159
48 164
48 165
48 172
48 174
48 180
48 189
48 190
48 193
48 196
48 197
48 198
48 205
48 208
48 217
48 222
49 3
49 9
49 11
49 12
49 14
49 15
49 19
49 28
49 29
49 33
49 34
49 36
49 39
49 43
49 49
49 50
49 56
49 63
49 65
49 66
49 74
49 79
49 83
49 85
49 87
49 90
49 99
49 105
49 112
49 119
49 120
49 123
49 137
49 138
49 151
49 153
49 157
49 164
49 165
49 168
49 180
49 187
49 192
49 193
49 195
49 197
49 201
49 203
49 205
49 207
49 211
49 213
49 219
50 3
50 5
50 25
50 33
50 36
50 37
50 41
50 45
50 51
50 55
50 57
50 63
50 69
50 75
50 91
50 96
50 105
50 113
50 114
50 117
50 120
50 125
50 132
50 134
50 136
50 140
50 142
50 145
50 166
50 173
50 177
50 180
50 193
50 203
50 205
50 209
50 213
50 216
51 6
51 8
51 9
51 11
51 15
51 19
51 20
51 27
51 35
51 39
51 48
51 63
51 68
51 75
51 83
51 91
51 99
51 103
51 107
51 108
51 109
51 115
51 117
51 124
51 128
51 141
51 154
51 165
51 189
51 193
51 195
51 203
51 210
51 211
51 212
51 213
51 219
51 221
52 1
52 3
52 7
52 9
52 12
52 17
52 21
52 24
52 29
52 37
52 40
52 41
52 42
52 43
52 45
52 47
52 48
52 53
52 57
52 61
52 71
52 77
52 85
52 86
52 93
52 95
52 101
52 102
52 103
52 105
52 106
52 111
52 113
52 116
52 120
52 133
52 135
52 139
52 141
52 147
52 153
52 165
52 167
52 168
52 172
52 175
52 177
52 182
52 192
52 193
52 201
52 210
52 213
52 216
53 7
53 9
53 14
53 15
53 19
53 23
53 25
53 33
53 49
53 51
53 67
53 69
53 71
53 75
53 87
53 95
53 98
53 101
53 105
53 107
53 114
53 127
53 139
53 147
53 167
53 168
53 171
53 180
53 183
53 189
53 195
53 198
53 199
53 205
53 209
53 211
53 213
53 215
53 221
54 3
54 9
54 10
54 11
54 13
54 21
54 23
54 25
54 33
54 38
54 39
54 45
54 49
54 57
54 59
54 61
54 63
54 69
54 73
54 74
54 78
54 83
54 84
54 88
54 97
54 99
54 102
54 104
54 113
54 117
54 127
54 129
54 134
54 136
54 142
54 147
54 153
54 161
54 163
54 173
54 183
54 189
54 193
54 197
54 201
54 207
54 211
54 213
54 217
55 3
55 11
55 21
55 25
55 30
55 33
55 34
55 39
55 41
55 43
55 55
55 56
55 60
55 61
55 63
55 70
55 71
55 77
55 87
55 89
55 103
55 105
55 111
55 112
55 113
55 126
55 129
55 141
55 155
55 171
55 174
55 180
55 183
55 191
55 192
55 197
55 198
55 200
55 201
55 205
55 219
56 5
56 7
56 8
56 15
56 21
56 24
56 33
56 36
56 37
56 41
56 45
56 59
56 60
56 69
56 73
56 77
56 78
56 82
56 84
56 85
56 93
56 96
56 99
56 101
56 105
56 112
56 114
56 121
56 123
56 127
56 129
56 132
56 161
56 173
56 177
56 184
56 188
56 193
56 201
56 207
56 211
56 213
56 217
57 3
57 7
57 11
57 19
57 23
57 25
57 27
57 31
57 35
57 57
57 58
57 61
57 63
57 65
57 71
57 87
57 89
57 93
57 97
57 99
57 108
57 111
57 114
57 127
57 134
57 135
57 137
57 144
57 159
57 161
57 166
57 168
57 171
57 173
57 175
57 180
57 193
57 195
57 198
57 207
57 208
57 211
57 215
58 3
58 5
58 9
58 13
58 15
58 21
58 22
58 23
58 26
58 29
58 37
58 39
58 46
58 53
58 57
58 78
58 79
58 84
58 99
58 102
58 103
58 105
58 113
58 117
58 121
58 124
58 129
58 133
58 139
58 147
58 155
58 156
58 165
58 167
58 173
58 174
58 176
58 177
58 181
58 185
58 189
58 193
58 196
58 201
58 207
59 5
59 10
59 15
59 26
59 29
59 30
59 31
59 39
59 42
59 50
59 51
59 52
59 54
59 55
59 68
59 70
59 72
59 73
59 75
59 77
59 83
59 87
59 91
59 93
59 95
59 99
59 103
59 116
59 123
59 131
59 135
59 139
59 144
59 150
59 159
59 161
59 165
59 171
59 177
59 178
59 179
59 183
59 185
59 191
59 195
59 199
59 201
59 207
59 208
59 217
59 219
60 1
60 5
60 15
60 17
60 21
60 24
60 25
60 45
60 54
60 63
60 67
60 69
60 77
60 78
60 81
60 88
60 99
60 109
60 111
60 113
60 123
60 125
60 132
60 136
60 141
60 167
60 173
60 186
60 196
60 202
60 209
60 216
61 3
61 6
61 12
61 31
61 33
61 39
61 43
61 48
61 53
61 54
61 57
61 70
61 73
61 75
61 86
61 87
61 88
61 93
61 94
61 99
61 103
61 111
61 112
61 116
61 120
61 123
61 129
61 135
61 137
61 147
61 156
61 165
61 168
61 169
61 171
61 172
61 180
61 183
61 190
61 191
61 192
61 195
61 199
61 204
61 207
61 213
61 215
61 219
62 5
62 6
62 8
62 9
62 15
62 18
62 21
62 27
62 37
62 48
62 54
62 59
62 61
62 69
62 77
62 84
62 87
62 93
62 95
62 96
62 97
62 105
62 109
62 114
62 117
62 125
62 127
62 129
62 141
62 156
62 165
62 171
62 174
62 177
62 181
62 183
62 186
62 188
62 189
62 192
62 195
62 200
62 201
62 211
62 213
62 215
62 222
63 3
63 6
63 9
63 22
63 27
63 30
63 34
63 35
63 36
63 45
63 51
63 53
63 56
63 59
63 63
63 72
63 75
63 77
63 84
63 87
63 88
63 90
63 91
63 94
63 97
63 99
63 102
63 107
63 111
63 115
63 123
63 126
63 127
63 135
63 140
63 144
63 149
63 150
63 159
63 167
63 170
63 171
63 172
63 173
63 175
63 180
63 182
63 183
63 184
63 186
63 189
63 203
63 209
63 210
63 215
63 217
64 1
64 3
64 9
64 12
64 17
64 21
64 23
64 27
64 33
64 39
64 40
64 41
64 45
64 52
64 60
64 63
64 66
64 69
64 70
64 73
64 75
64 83
64 86
64 105
64 109
64 113
64 114
64 120
64 127
64 131
64 139
64 141
64 145
64 147
64 153
64 156
64 165
64 169
64 186
64 189
64 194
64 199
64 201
64 203
64 207
64 210
64 213
64 219
65 3
65 5
65 18
65 19
65 21
65 24
65 31
65 34
65 39
65 43
65 47
65 52
65 53
65 59
65 60
65 65
65 67
65 71
65 72
65 73
65 78
65 99
65 100
65 103
65 105
65 109
65 113
65 119
65 123
65 126
65 128
65 139
65 141
65 143
65 144
65 147
65 151
65 162
65 163
65 171
65 175
65 176
65 177
65 180
65 183
65 195
65 199
65 203
65 207
65 219
65 222
66 1
66 5
66 13
66 18
66 21
66 22
66 28
66 29
66 37
66 41
66 42
66 45
66 51
66 54
66 57
66 60
66 78
66 81
66 84
66 90
66 94
66 107
66 109
66 117
66 118
66 127
66 137
66 141
66 151
66 153
66 159
66 161
66 165
66 168
66 177
66 186
66 189
66 193
66 200
66 201
66 205
66 221
67 2
67 3
67 9
67 23
67 27
67 33
67 39
67 40
67 55
67 57
67 64
67 65
67 67
67 75
67 77
67 84
67 87
67 91
67 97
67 102
67 107
67 111
67 113
67 114
67 120
67 123
67 125
67 129
67 143
67 147
67 151
67 159
67 161
67 174
67 177
67 179
67 183
67 187
67 188
67 191
67 194
67 197
67 200
67 203
67 211
67 213
67 219
68 3
68 15
68 16
68 17
68 21
68 26
68 27
68 33
68 37
68 42
68 45
68 47
68 49
68 51
68 67
68 73
68 77
68 93
68 105
68 110
68 111
68 112
68 114
68 120
68 125
68 134
68 137
68 140
68 141
68 150
68 153
68 154
68 160
68 162
68 165
68 168
68 173
68 187
68 188
68 193
68 201
68 209
68 210
68 216
68 217
68 218
69 4
69 6
69 11
69 24
69 27
69 31
69 33
69 35
69 47
69 53
69 54
69 64
69 75
69 87
69 91
69 95
69 99
69 101
69 102
69 103
69 105
69 117
69 135
69 141
69 147
69 154
69 163
69 164
69 173
69 177
69 179
69 186
69 187
69 195
69 199
69 210
69 211
69 215
69 216
69 219
70 3
70 11
70 12
70 13
70 18
70 21
70 25
70 27
70 29
70 31
70 33
70 35
70 39
70 57
70 65
70 69
70 71
70 73
70 81
70 87
70 89
70 93
70 95
70 101
70 105
70 108
70 109
70 120
70 138
70 141
70 144
70 157
70 159
70 161
70 165
70 169
70 181
70 189
70 196
70 201
70 205
70 210
70 211
70 214
70 217
71 1
71 3
71 7
71 15
71 19
71 35
71 39
71 41
71 51
71 53
71 55
71 57
71 63
71 64
71 65
71 79
71 85
71 87
71 90
71 99
71 105
71 111
71 114
71 115
71 119
71 128
71 130
71 131
71 133
71 141
71 143
71 144
71 148
71 159
71 163
71 165
71 175
71 183
71 191
71 195
71 196
71 199
71 201
71 204
71 207
71 213
71 217
71 219
72 5
72 9
72 13
72 29
72 33
72 36
72 40
72 45
72 54
72 61
72 76
72 81
72 92
72 97
72 103
72 104
72 109
72 117
72 123
72 131
72 133
72 135
72 137
72 142
72 144
72 153
72 157
72 161
72 162
72 165
72 176
72 177
72 181
72 183
72 189
72 195
72 197
72 199
72 207
72 219
73 1
73 7
73 9
73 13
73 16
73 29
73 31
73 33
73 38
73 45
73 57
73 61
73 65
73 67
73 75
73 76
73 85
73 86
73 87
73 103
73 109
73 116
73 120
73 121
73 123
73 138
73 147
73 149
73 154
73 157
73 161
73 167
73 168
73 170
73 171
73 183
73 186
73 187
73 191
73 213
73 215
73 221
74 21
74 27
74 30
74 33
74 36
74 37
74 38
74 41
74 45
74 51
74 54
74 61
74 62
74 65
74 67
74 69
74 73
74 81
74 97
74 105
74 121
74 125
74 135
74 136
74 141
74 142
74 147
74 148
74 153
74 155
74 160
74 165
74 166
74 170
74 171
74 173
74 180
74 187
74 189
74 191
74 193
74 195
74 196
74 201
74 203
74 205
74 207
74 208
74 213
75 3
75 9
75 14
75 23
75 28
75 39
75 48
75 51
75 54
75 55
75 57
75 63
75 69
75 70
75 72
75 74
75 75
75 84
75 95
75 96
75 99
75 101
75 117
75 142
75 143
75 144
75 151
75 153
75 155
75 159
75 171
75 175
75 186
75 187
75 189
75 193
75 196
75 197
75 207
75 215
75 219
76 3
76 13
76 15
76 16
76 17
76 19
76 21
76 31
76 34
76 37
76 39
76 42
76 45
76 51
76 57
76 59
76 66
76 69
76 72
76 73
76 74
76 81
76 84
76 85
76 86
76 93
76 101
76 114
76 120
76 123
76 124
76 129
76 138
76 153
76 157
76 165
76 167
76 172
76 175
76 176
76 177
76 188
76 189
76 197
76 201
76 205
76 206
76 213
76 219
76 222
77 3
77 5
77 12
77 14
77 15
77 17
77 23
77 26
77 29
77 30
77 37
77 42
77 47
77 53
77 54
77 60
77 62
77 63
77 69
77 75
77 77
77 87
77 99
77 105
77 109
77 117
77 123
77 129
77 131
77 132
77 133
77 139
77 143
77 144
77 145
77 147
77 150
77 151
77 152
77 155
77 159
77 167
77 171
77 175
77 179
77 183
77 185
77 187
77 191
77 198
77 203
77 207
77 209
77 213
77 221
78 2
78 5
78 9
78 11
78 13
78 18
78 27
78 28
78 33
78 40
78 45
78 49
78 54
78 63
78 67
78 69
78 72
78 73
78 78
78 80
78 81
78 87
78 88
78 93
78 95
78 99
78 101
78 103
78 105
78 108
78 114
78 117
78 120
78 121
78 125
78 126
78 129
78 135
78 137
78 140
78 144
78 151
78 153
78 161
78 162
78 183
78 186
78 188
78 189
78 191
78 195
78 198
78 201
78 209
78 210
78 213
78 221
78 222
79 3
79 10
79 27
79 28
79 41
79 46
79 53
79 54
79 55
79 57
79 61
79 63
79 64
79 67
79 73
79 84
79 93
79 99
79 111
79 113
79 118
79 119
79 123
79 133
79 138
79 139
79 142
79 144
79 147
79 151
79 153
79 163
79 169
79 171
79 177
79 178
79 179
79 182
79 183
79 186
79 195
79 198
79 201
79 203
79 211
80 1
80 3
80 8
80 15
80 21
80 25
80 33
80 44
80 45
80 51
80 54
80 58
80 66
80 72
80 77
80 81
80 87
80 88
80 96
80 102
80 105
80 112
80 114
80 125
80 133
80 134
80 140
80 141
80 144
80 146
80 150
80 153
80 154
80 159
80 161
80 165
80 175
80 177
80 180
80 181
80 185
80 188
80 197
80 201
80 202
80 204
80 209
80 210
80 213
80 218
80 219
80 222
81 21
81 33
81 39
81 40
81 43
81 55
81 60
81 63
81 75
81 77
81 81
81 89
81 99
81 107
81 108
81 111
81 113
81 115
81 117
81 123
81 126
81 129
81 132
81 135
81 144
81 151
81 153
81 159
81 163
81 178
81 182
81 195
81 198
81 207
81 215
81 216
82 3
82 5
82 9
82 13
82 21
82 30
82 31
82 39
82 49
82 50
82 51
82 57
82 61
82 66
82 69
82 70
82 73
82 79
82 80
82 81
82 84
82 85
82 92
82 105
82 111
82 122
82 123
82 125
82 126
82 129
82 141
82 147
82 151
82 157
82 158
82 165
82 173
82 179
82 189
82 191
82 195
82 199
82 201
82 207
82 208
82 209
82 211
82 217
83 3
83 5
83 20
83 23
83 24
83 27
83 33
83 38
83 45
83 49
83 51
83 59
83 61
83 72
83 78
83 91
83 96
83 99
83 103
83 114
83 117
83 123
83 129
83 141
83 143
83 144
83 148
83 151
83 156
83 159
83 160
83 165
83 171
83 177
83 183
83 195
83 199
83 201
83 207
83 210
83 215
84 1
84 3
84 5
84 10
84 23
84 27
84 29
84 33
84 35
84 39
84 41
84 45
84 48
84 49
84 57
84 69
84 73
84 75
84 81
84 84
84 89
84 93
84 96
84 100
84 104
84 105
84 109
84 112
84 117
84 121
84 122
84 123
84 129
84 137
84 138
84 142
84 147
84 149
84 153
84 159
84 165
84 167
84 169
84 177
84 183
84 189
84 197
84 201
84 206
84 213
84 216
84 217
85 3
85 7
85 9
85 12
85 17
85 21
85 26
85 37
85 41
85 43
85 45
85 47
85 66
85 72
85 81
85 87
85 98
85 99
85 100
85 102
85 108
85 111
85 116
85 120
85 123
85 125
85 135
85 139
85 141
85 147
85 153
85 155
85 159
85 160
85 163
85 169
85 174
85 177
85 179
85 183
85 184
85 187
85 192
85 195
85 205
85 209
85 211
85 213
85 221
86 6
86 9
86 12
86 15
86 36
86 39
86 49
86 59
86 60
86 63
86 67
86 69
86 73
86 83
86 87
86 91
86 97
86 108
86 111
86 113
86 119
86 121
86 122
86 129
86 135
86 136
86 137
86 141
86 142
86 153
86 163
86 165
86 170
86 177
86 181
86 183
86 195
86 203
86 208
86 213
86 216
86 217
86 219
86 221
87 1
87 3
87 9
87 12
87 19
87 31
87 33
87 35
87 36
87 50
87 55
87 63
87 64
87 75
87 77
87 91
87 95
87 97
87 99
87 102
87 103
87 108
87 117
87 120
87 126
87 129
87 130
87 135
87 139
87 143
87 147
87 162
87 163
87 167
87 179
87 185
87 186
87 187
87 189
87 191
87 207
87 215
87 219
88 3
88 9
88 11
88 12
88 13
88 16
88 20
88 21
88 22
88 25
88 29
88 30
88 33
88 35
88 46
88 48
88 50
88 57
88 61
88 67
88 69
88 81
88 88
88 93
88 99
88 101
88 105
88 108
88 111
88 114
88 124
88 142
88 144
88 146
88 149
88 156
88 162
88 171
88 183
88 185
88 189
88 201
88 203
88 207
88 209
89 3
89 24
89 27
89 35
89 39
89 42
89 45
89 47
89 53
89 54
89 57
89 64
89 77
89 80
89 85
89 86
89 87
89 90
89 93
89 99
89 113
89 115
89 123
89 126
89 135
89 137
89 138
89 141
89 142
89 147
89 150
89 157
89 159
89 163
89 165
89 167
89 171
89 174
89 179
89 197
89 205
89 207
89 211
89 215
89 217
90 9
90 15
90 16
90 24
90 27
90 45
90 49
90 53
90 60
90 64
90 69
90 75
90 77
90 87
90 96
90 97
90 101
90 105
90 111
90 113
90 114
90 120
90 123
90 126
90 128
90 129
90 135
90 146
90 153
90 157
90 160
90 161
90 164
90 165
90 167
90 184
90 191
90 193
90 201
90 213
90 217
90 222
91 1
91 3
91 10
91 17
91 18
91 22
91 23
91 30
91 39
91 47
91 52
91 63
91 66
91 69
91 83
91 91
91 93
91 99
91 100
91 111
91 115
91 117
91 119
91 135
91 138
91 141
91 143
91 147
91 153
91 158
91 159
91 161
91 163
91 169
91 171
91 176
91 191
91 192
91 201
91 203
91 206
91 207
91 217
91 219
91 221
92 3
92 11
92 16
92 17
92 21
92 25
92 29
92 31
92 33
92 39
92 41
92 47
92 48
92 49
92 51
92 60
92 72
92 75
92 76
92 81
92 82
92 87
92 92
92 99
92 109
92 110
92 114
92 121
92 137
92 139
92 141
92 144
92 148
92 149
92 150
92 159
92 169
92 177
92 179
92 189
92 197
92 201
92 204
92 207
92 213
92 216
92 222
93 9
93 11
93 14
93 15
93 31
93 32
93 34
93 36
93 38
93 42
93 47
93 61
93 63
93 75
93 77
93 83
93 97
93 99
93 108
93 110
93 111
93 115
93 116
93 119
93 123
93 129
93 132
93 135
93 146
93 156
93 159
93 171
93 179
93 180
93 183
93 185
93 195
93 203
93 205
93 207
93 208
94 15
94 25
94 27
94 29
94 35
94 38
94 39
94 51
94 57
94 59
94 65
94 71
94 77
94 81
94 89
94 90
94 93
94 99
94 102
94 109
94 111
94 117
94 123
94 138
94 141
94 149
94 156
94 169
94 173
94 176
94 177
94 192
94 193
94 198
94 201
94 203
94 213
94 219
94 222
95 3
95 15
95 19
95 22
95 29
95 30
95 31
95 34
95 35
95 43
95 48
95 51
95 54
95 55
95 57
95 65
95 69
95 72
95 75
95 76
95 77
95 84
95 87
95 89
95 90
95 95
95 96
95 99
95 101
95 106
95 107
95 111
95 114
95 115
95 123
95 125
95 127
95 130
95 135
95 139
95 143
95 150
95 151
95 154
95 159
95 167
95 175
95 177
95 185
95 186
95 189
95 194
95 195
95 207
96 21
96 22
96 41
96 43
96 45
96 49
96 61
96 63
96 65
96 69
96 73
96 77
96 81
96 89
96 93
96 96
96 109
96 120
96 123
96 133
96 138
96 142
96 147
96 151
96 153
96 156
96 159
96 162
96 168
96 170
96 175
96 177
96 195
96 201
96 205
96 207
96 212
96 213
96 221
97 3
97 11
97 24
97 39
97 43
97 51
97 57
97 62
97 66
97 67
97 71
97 83
97 93
97 96
97 103
97 110
97 123
97 125
97 132
97 135
97 136
97 138
97 145
97 150
97 151
97 153
97 165
97 171
97 173
97 175
97 176
97 183
97 184
97 185
97 187
97 188
97 191
97 192
97 197
97 201
97 203
97 204
97 205
97 210
97 215
97 219
97 220
97 221
98 6
98 11
98 13
98 15
98 16
98 17
98 19
98 21
98 22
98 29
98 30
98 31
98 39
98 45
98 51
98 53
98 57
98 60
98 61
98 66
98 83
98 85
98 89
98 93
98 95
98 97
98 99
98 104
98 105
98 113
98 123
98 125
98 126
98 129
98 142
98 147
98 152
98 157
98 159
98 161
98 165
98 177
98 179
98 183
98 189
98 199
98 207
98 213
98 214
98 217
98 222
99 3
99 7
99 11
99 19
99 27
99 37
99 38
99 39
99 42
99 43
99 50
99 51
99 59
99 63
99 67
99 69
99 71
99 73
99 77
99 79
99 81
99 87
99 95
99 96
99 99
99 105
99 108
99 117
99 119
99 131
99 135
99 144
99 159
99 162
99 165
99 168
99 172
99 175
99 177
99 180
99 195
99 213
99 218
99 219
100 3
100 5
100 15
100 25
100 27
100 30
100 33
100 40
100 41
100 42
100 51
100 85
100 86
100 91
100 93
100 97
100 99
100 101
100 105
100 113
100 115
100 116
100 129
100 134
100 136
100 138
100 141
100 145
100 147
100 150
100 155
100 159
100 165
100 166
100 171
100 172
100 175
100 177
100 185
100 188
100 191
100 193
100 198
100 201
100 206
100 214
100 216
100 219
101 2
101 3
101 15
101 21
101 31
101 33
101 39
101 45
101 49
101 51
101 63
101 64
101 69
101 75
101 88
101 89
101 95
101 111
101 123
101 131
101 132
101 136
101 137
101 141
101 143
101 147
101 149
101 150
101 154
101 159
101 163
101 164
101 166
101 167
101 171
101 180
101 183
101 184
101 188
101 189
101 199
101 203
101 210
102 3
102 18
102 27
102 33
102 36
102 40
102 41
102 45
102 49
102 50
102 53
102 57
102 65
102 66
102 69
102 78
102 80
102 81
102 84
102 93
102 99
102 101
102 103
102 105
102 106
102 111
102 113
102 114
102 120
102 121
102 123
102 126
102 127
102 129
102 130
102 131
102 136
102 139
102 141
102 150
102 152
102 157
102 160
102 173
102 175
102 177
102 179
102 183
102 186
102 189
102 191
102 195
102 207
102 213
103 2
103 3
103 5
103 6
103 15
103 21
103 23
103 27
103 33
103 35
103 51
103 67
103 69
103 73
103 83
103 89
103 93
103 99
103 103
103 115
103 123
103 132
103 134
103 137
103 138
103 145
103 147
103 149
103 151
103 155
103 157
103 177
103 195
103 196
103 204
103 205
103 209
103 211
103 217
103 219
104 3
104 9
104 18
104 21
104 22
104 23
104 33
104 37
104 45
104 47
104 50
104 51
104 53
104 60
104 64
104 65
104 69
104 75
104 81
104 87
104 89
104 92
104 93
104 97
104 101
104 108
104 109
104 113
104 114
104 115
104 119
104 131
104 141
104 142
104 145
104 147
104 152
104 157
104 159
104 163
104 165
104 168
104 172
104 173
104 180
104 187
104 189
104 191
104 197
104 205
104 207
104 221
105 3
105 7
105 12
105 15
105 31
105 36
105 47
105 51
105 55
105 57
105 58
105 76
105 83
105 84
105 102
105 116
105 119
105 123
105 124
105 125
105 135
105 143
105 145
105 151
105 154
105 177
105 187
105 188
105 195
105 201
105 213
105 221
106 4
106 9
106 12
106 23
106 27
106 33
106 39
106 45
106 51
106 57
106 63
106 70
106 72
106 79
106 84
106 87
106 105
106 114
106 117
106 120
106 124
106 129
106 149
106 156
106 165
106 168
106 176
106 180
106 191
106 193
106 201
106 217
106 221
107 11
107 15
107 25
107 27
107 49
107 50
107 51
107 57
107 69
107 81
107 87
107 91
107 93
107 96
107 105
107 111
107 123
107 129
107 135
107 141
107 147
107 156
107 159
107 163
107 164
107 168
107 169
107 170
107 175
107 177
107 179
107 183
107 199
107 207
107 210
107 213
107 217
108 6
108 7
108 9
108 18
108 21
108 29
108 33
108 36
108 49
108 50
108 53
108 55
108 57
108 62
108 63
108 72
108 73
108 77
108 81
108 84
108 85
108 99
108 103
108 108
108 113
108 117
108 120
108 133
108 136
108 144
108 145
108 147
108 153
108 156
108 157
108 169
108 171
108 183
108 186
108 188
108 189
108 191
108 197
108 201
108 213
108 217
108 218
109 3
109 7
109 8
109 13
109 21
109 23
109 27
109 30
109 32
109 37
109 50
109 54
109 61
109 63
109 72
109 74
109 75
109 87
109 93
109 95
109 97
109 102
109 119
109 123
109 127
109 140
109 143
109 145
109 151
109 155
109 156
109 159
109 162
109 163
109 171
109 175
109 187
109 193
109 207
109 210
109 214
109 219
110 1
110 3
110 12
110 17
110 19
110 25
110 41
110 43
110 51
110 58
110 59
110 60
110 69
110 75
110 81
110 87
110 88
110 89
110 97
110 101
110 105
110 106
110 121
110 126
110 127
110 141
110 155
110 157
110 159
110 165
110 168
110 173
110 177
110 185
110 191
110 195
110 207
110 211
110 213
110 217
110 219
111 1
111 3
111 8
111 23
111 25
111 27
111 30
111 31
111 33
111 39
111 40
111 45
111 63
111 66
111 101
111 103
111 105
111 111
111 122
111 124
111 130
111 136
111 148
111 152
111 153
111 154
111 156
111 166
111 168
111 172
111 175
111 178
111 179
111 180
111 184
111 186
111 192
111 204
111 214
111 216
111 217
111 220
112 2
112 4
112 8
112 9
112 10
112 13
112 14
112 15
112 16
112 18
112 22
112 23
112 26
112 27
112 31
112 40
112 41
112 46
112 52
112 70
112 74
112 78
112 85
112 86
112 91
112 94
112 96
112 98
112 102
112 114
112 118
112 120
112 130
112 133
112 136
112 138
112 150
112 151
112 152
112 169
112 172
112 181
112 188
112 198
112 210
112 214
112 216
112 218
112 220
113 12
113 13
113 16
113 22
113 26
113 28
113 32
113 34
113 40
113 50
113 52
113 55
113 58
113 61
113 63
113 70
113 78
113 79
113 82
113 83
113 84
113 86
113 88
113 97
113 100
113 108
113 110
113 113
113 128
113 132
113 134
113 136
113 144
113 150
113 153
113 160
113 168
113 172
113 178
113 186
113 187
113 190
113 202
113 204
113 205
113 217
113 222
114 1
114 2
114 4
114 10
114 16
114 19
114 32
114 41
114 46
114 49
114 51
114 55
114 59
114 60
114 61
114 63
114 65
114 71
114 79
114 81
114 83
114 87
114 95
114 97
114 98
114 107
114 110
114 114
114 120
114 128
114 131
114 137
114 143
114 147
114 153
114 155
114 161
114 164
114 166
114 171
114 175
114 179
114 187
114 192
114 197
114 199
114 213
114 219
115 5
115 13
115 15
115 17
115 23
115 41
115 48
115 51
115 65
115 71
115 73
115 80
115 85
115 89
115 93
115 107
115 111
115 115
115 116
115 122
115 125
115 127
115 141
115 147
115 149
115 152
115 153
115 155
115 160
115 163
115 165
115 167
115 170
115 175
115 177
115 179
115 181
115 185
115 189
115 199
115 201
115 205
115 221
115 222
116 1
116 2
116 3
116 5
116 7
116 12
116 17
116 26
116 51
116 53
116 56
116 64
116 71
116 83
116 89
116 96
116 103
116 107
116 108
116 111
116 117
116 119
116 121
116 123
116 125
116 131
116 133
116 135
116 139
116 143
116 149
116 167
116 178
116 179
116 187
116 188
116 203
116 207
117 3
117 11
117 13
117 21
117 26
117 28
117 29
117 31
117 41
117 45
117 49
117 53
117 57
117 59
117 63
117 65
117 71
117 83
117 85
117 89
117 92
117 109
117 123
117 125
117 126
117 134
117 137
117 141
117 143
117 153
117 157
117 167
117 173
117 179
117 181
117 184
117 185
117 188
117 190
117 191
117 199
117 200
117 204
117 209
117 213
117 215
117 216
117 218
118 3
118 5
118 9
118 14
118 17
118 19
118 26
118 27
118 39
118 41
118 42
118 47
118 55
118 63
118 71
118 75
118 77
118 81
118 100
118 111
118 116
118 117
118 125
118 126
118 127
118 129
118 131
118 143
118 147
118 155
118 158
118 167
118 173
118 175
118 177
118 179
118 203
118 217
118 221
119 5
119 9
119 11
119 13
119 14
119 17
119 21
119 26
119 37
119 41
119 44
119 49
119 53
119 58
119 65
119 79
119 81
119 89
119 101
119 107
119 109
119 116
119 119
119 121
119 125
119 126
119 127
119 141
119 143
119 149
119 170
119 171
119 197
119 203
119 209
119 213
119 217
119 221
120 3
120 8
120 11
120 23
120 25
120 41
120 49
120 59
120 65
120 75
120 79
120 80
120 88
120 89
120 97
120 101
120 105
120 113
120 117
120 119
120 123
120 134
120 135
120 143
120 155
120 156
120 159
120 163
120 171
120 176
120 180
120 181
120 190
120 193
120 200
120 203
120 215
120 217
120 221
121 1
121 3
121 5
121 7
121 21
121 23
121 25
121 29
121 33
121 41
121 42
121 43
121 50
121 57
121 73
121 79
121 81
121 86
121 98
121 100
121 104
121 110
121 116
121 117
121 125
121 129
121 135
121 137
121 141
121 147
121 149
121 157
121 173
121 174
121 175
121 177
121 191
121 198
121 200
121 201
121 203
121 213
121 221
122 3
122 5
122 7
122 17
122 21
122 23
122 26
122 29
122 32
122 35
122 37
122 38
122 44
122 57
122 58
122 70
122 71
122 83
122 86
122 89
122 90
122 93
122 94
122 95
122 103
122 104
122 105
122 107
122 108
122 114
122 119
122 129
122 137
122 145
122 155
122 159
122 161
122 171
122 173
122 179
122 188
122 197
122 200
122 206
122 211
122 215
122 220
123 1
123 5
123 11
123 17
123 25
123 29
123 30
123 33
123 35
123 41
123 44
123 47
123 51
123 57
123 61
123 69
123 75
123 77
123 81
123 116
123 119
123 125
123 128
123 129
123 137
123 138
123 141
123 146
123 151
123 158
123 175
123 176
123 182
123 183
123 191
123 197
123 213
123 219
123 220
124 5
124 7
124 9
124 19
124 23
124 29
124 31
124 39
124 40
124 41
124 59
124 65
124 67
124 68
124 69
124 71
124 74
124 75
124 77
124 79
124 83
124 86
124 87
124 101
124 113
124 116
124 117
124 119
124 125
124 126
124 128
124 131
124 139
124 146
124 147
124 148
124 149
124 154
124 167
124 175
124 181
124 183
124 184
124 185
124 193
124 194
124 197
124 203
124 215
124 221
125 5
125 13
125 17
125 22
125 25
125 34
125 35
125 44
125 51
125 53
125 65
125 71
125 73
125 75
125 85
125 97
125 98
125 99
125 113
125 115
125 116
125 121
125 123
125 125
125 161
125 164
125 170
125 174
125 185
125 193
125 197
125 205
125 217
125 221
126 3
126 5
126 7
126 9
126 11
126 12
126 15
126 16
126 23
126 25
126 26
126 27
126 51
126 62
126 65
126 66
126 68
126 71
126 75
126 79
126 80
126 81
126 83
126 86
126 89
126 91
126 95
126 104
126 107
126 116
126 119
126 123
126 124
126 133
126 137
126 143
126 149
126 159
126 161
126 167
126 173
126 177
126 179
126 183
126 191
126 199
126 212
126 219
126 221
127 3
127 5
127 7
127 8
127 10
127 14
127 17
127 19
127 22
127 27
127 29
127 33
127 49
127 53
127 59
127 65
127 69
127 72
127 73
127 77
127 81
127 82
127 85
127 90
127 92
127 95
127 97
127 103
127 113
127 116
127 125
127 132
127 135
127 137
127 139
127 147
127 155
127 159
127 164
127 173
127 175
127 185
127 191
127 194
127 197
127 199
127 203
127 209
127 221
127 222
128 11
128 14
128 29
128 31
128 35
128 47
128 50
128 58
128 61
128 62
128 77
128 78
128 79
128 87
128 89
128 98
128 103
128 107
128 110
128 112
128 119
128 120
128 127
128 129
128 136
128 143
128 147
128 155
128 156
128 169
128 171
128 173
128 181
128 195
128 197
128 204
128 210
128 215
128 221
129 1
129 5
129 7
129 13
129 25
129 28
129 37
129 41
129 46
129 47
129 51
129 53
129 56
129 57
129 65
129 70
129 73
129 74
129 83
129 86
129 101
129 107
129 108
129 110
129 113
129 116
129 125
129 136
129 137
129 138
129 141
129 145
129 149
129 155
129 159
129 164
129 165
129 173
129 175
129 176
129 185
129 190
129 191
129 197
129 199
129 205
129 209
129 213
129 215
129 217
129 218
129 221
130 5
130 6
130 8
130 11
130 15
130 20
130 21
130 29
130 33
130 39
130 41
130 42
130 47
130 59
130 63
130 67
130 70
130 71
130 72
130 73
130 83
130 89
130 91
130 92
130 95
130 101
130 103
130 105
130 107
130 109
130 115
130 116
130 122
130 131
130 139
130 149
130 150
130 152
130 153
130 155
130 169
130 170
130 176
130 177
130 179
130 181
130 184
130 185
130 187
130 188
130 192
130 193
130 199
130 203
130 207
130 209
130 212
130 215
130 218
131 2
131 5
131 15
131 23
131 25
131 26
131 30
131 41
131 48
131 53
131 62
131 65
131 79
131 85
131 101
131 113
131 126
131 138
131 140
131 145
131 147
131 149
131 151
131 153
131 161
131 165
131 169
131 175
131 178
131 179
131 185
131 189
131 197
131 201
131 204
131 207
131 211
131 213
131 215
131 221
132 2
132 3
132 5
132 7
132 12
132 13
132 16
132 19
132 41
132 47
132 55
132 56
132 57
132 59
132 65
132 69
132 71
132 75
132 83
132 89
132 91
132 96
132 101
132 111
132 116
132 119
132 120
132 127
132 131
132 146
132 149
132 151
132 155
132 159
132 164
132 167
132 173
132 176
132 187
132 191
132 195
132 199
132 209
132 219
133 5
133 9
133 11
133 17
133 22
133 24
133 38
133 49
133 52
133 56
133 57
133 61
133 65
133 71
133 74
133 77
133 89
133 95
133 104
133 113
133 118
133 119
133 121
133 125
133 129
133 131
133 149
133 161
133 163
133 171
133 173
133 179
133 185
133 186
133 188
133 199
133 209
133 210
133 213
133 214
133 221
133 222
134 1
134 3
134 9
134 23
134 27
134 29
134 38
134 41
134 49
134 51
134 59
134 67
134 68
134 71
134 79
134 83
134 91
134 95
134 104
134 107
134 114
134 116
134 121
134 125
134 135
134 137
134 139
134 141
134 146
134 149
134 153
134 155
134 159
134 160
134 161
134 171
134 173
134 177
134 179
134 180
134 188
134 196
134 197
134 201
134 205
134 211
134 219
134 222
135 2
135 5
135 14
135 17
135 19
135 29
135 38
135 41
135 47
135 53
135 65
135 66
135 71
135 85
135 89
135 93
135 101
135 105
135 113
135 119
135 137
135 145
135 149
135 155
135 158
135 159
135 165
135 166
135 167
135 175
135 194
135 197
135 200
135 208
135 209
135 212
135 215
136 5
136 11
136 14
136 15
136 19
136 23
136 35
136 51
136 53
136 61
136 65
136 76
136 80
136 83
136 87
136 91
136 95
136 99
136 121
136 123
136 131
136 144
136 146
136 160
136 164
136 173
136 176
136 183
136 184
136 187
136 191
136 194
136 199
136 206
137 5
137 11
137 19
137 25
137 33
137 38
137 42
137 45
137 47
137 57
137 61
137 65
137 68
137 71
137 73
137 85
137 89
137 93
137 94
137 95
137 97
137 99
137 103
137 105
137 107
137 110
137 115
137 116
137 117
137 120
137 125
137 126
137 133
137 137
137 143
137 146
137 152
137 156
137 157
137 158
137 161
137 164
137 167
137 173
137 176
137 177
137 182
137 195
137 197
137 201
137 206
137 209
137 211
137 217
137 218
137 221
138 2
138 8
138 9
138 12
138 15
138 17
138 32
138 33
138 39
138 43
138 45
138 47
138 53
138 57
138 67
138 69
138 70
138 71
138 79
138 83
138 84
138 87
138 89
138 91
138 95
138 103
138 116
138 119
138 136
138 144
138 155
138 157
138 158
138 161
138 163
138 167
138 171
138 173
138 179
138 187
138 194
138 199
138 201
138 203
138 207
138 215
138 219
139 1
139 2
139 5
139 11
139 17
139 23
139 27
139 33
139 35
139 37
139 41
139 49
139 51
139 56
139 59
139 61
139 73
139 77
139 79
139 81
139 95
139 101
139 104
139 107
139 110
139 113
139 116
139 119
139 122
139 123
139 128
139 129
139 131
139 132
139 139
139 145
139 149
139 155
139 161
139 173
139 176
139 184
139 185
139 189
139 190
139 193
139 194
139 201
139 217
139 221
140 9
140 17
140 19
140 21
140 29
140 30
140 35
140 49
140 50
140 53
140 55
140 57
140 59
140 62
140 71
140 77
140 85
140 87
140 92
140 95
140 97
140 107
140 108
140 109
140 110
140 113
140 115
140 116
140 119
140 123
140 131
140 141
140 143
140 155
140 157
140 159
140 167
140 171
140 176
140 182
140 183
140 186
140 187
140 191
140 194
140 195
140 199
140 217
140 221
140 222
141 2
141 5
141 7
141 13
141 14
141 19
141 32
141 41
141 47
141 49
141 52
141 56
141 57
141 65
141 72
141 73
141 80
141 85
141 89
141 98
141 106
141 117
141 119
141 135
141 137
141 140
141 142
141 143
141 147
141 153
141 156
141 158
141 173
141 188
141 190
141 200
141 201
141 202
141 206
141 209
141 211
141 215
142 5
142 7
142 8
142 12
142 19
142 21
142 23
142 32
142 35
142 36
142 37
142 43
142 45
142 50
142 53
142 59
142 61
142 68
142 71
142 74
142 75
142 79
142 83
142 86
142 93
142 95
142 107
142 115
142 116
142 119
142 120
142 123
142 125
142 131
142 139
142 153
142 158
142 163
142 167
142 171
142 179
142 183
142 185
142 189
142 191
142 194
142 199
142 203
142 214
143 5
143 9
143 14
143 17
143 20
143 35
143 37
143 39
143 47
143 53
143 54
143 69
143 71
143 73
143 76
143 86
143 89
143 96
143 98
143 101
143 112
143 113
143 125
143 134
143 137
143 141
143 153
143 161
143 163
143 165
143 167
143 173
143 177
143 179
143 185
143 187
143 190
143 191
143 200
143 201
143 202
143 205
143 207
143 208
143 209
143 214
143 215
143 219
144 7
144 11
144 12
144 15
144 17
144 22
144 23
144 27
144 47
144 51
144 53
144 60
144 65
144 70
144 71
144 77
144 84
144 87
144 89
144 93
144 95
144 96
144 103
144 107
144 109
144 112
144 119
144 125
144 127
144 130
144 137
144 139
144 143
144 149
144 153
144 159
144 160
144 161
144 171
144 173
144 175
144 183
144 185
144 187
144 197
144 215
144 219
144 221
145 3
145 5
145 8
145 17
145 19
145 23
145 24
145 25
145 31
145 34
145 41
145 44
145 53
145 57
145 59
145 65
145 67
145 82
145 87
145 89
145 92
145 95
145 101
145 103
145 104
145 109
145 111
145 113
145 116
145 117
145 128
145 141
145 146
145 149
145 153
145 157
145 158
145 160
145 165
145 167
145 173
145 176
145 177
145 185
145 188
145 197
145 205
145 206
145 207
145 213
145 221
146 3
146 5
146 7
146 9
146 11
146 15
146 17
146 41
146 43
146 51
146 53
146 57
146 62
146 63
146 68
146 72
146 75
146 83
146 86
146 91
146 119
146 127
146 141
146 149
146 161
146 169
146 176
146 183
146 185
146 195
146 200
146 201
146 202
146 208
146 213
146 219
147 5
147 7
147 13
147 15
147 29
147 31
147 35
147 37
147 41
147 42
147 47
147 49
147 53
147 57
147 59
147 61
147 62
147 65
147 66
147 71
147 73
147 83
147 85
147 89
147 95
147 102
147 104
147 119
147 125
147 132
147 134
147 137
147 139
147 140
147 141
147 146
147 149
147 151
147 163
147 167
147 169
147 173
147 176
147 182
147 191
147 193
147 196
147 197
147 200
147 208
147 209
147 221
148 2
148 5
148 7
148 13
148 20
148 23
148 25
148 31
148 32
148 35
148 41
148 50
148 53
148 55
148 61
148 65
148 74
148 75
148 76
148 79
148 81
148 82
148 84
148 86
148 87
148 103
148 109
148 111
148 112
148 113
148 117
148 123
148 125
148 127
148 131
148 134
148 139
148 140
148 141
148 155
148 162
148 167
148 171
148 173
148 176
148 181
148 184
148 190
148 206
148 208
148 219
149 4
149 5
149 6
149 17
149 25
149 29
149 35
149 36
149 37
149 55
149 56
149 57
149 62
149 63
149 68
149 83
149 85
149 86
149 89
149 97
149 99
149 112
149 116
149 117
149 119
149 120
149 121
149 122
149 129
149 133
149 143
149 146
149 149
149 153
149 154
149 158
149 161
149 163
149 173
149 179
149 183
149 185
149 188
149 200
149 201
149 205
149 222
150 3
150 7
150 11
150 15
150 20
150 23
150 25
150 29
150 33
150 35
150 39
150 47
150 49
150 61
150 67
150 74
150 75
150 76
150 79
150 82
150 83
150 86
150 91
150 93
150 119
150 125
150 130
150 136
150 137
150 142
150 143
150 151
150 155
150 163
150 167
150 175
150 179
150 183
150 185
150 188
150 191
150 193
150 198
150 206
150 215
150 218
150 220
151 3
151 5
151 11
151 12
151 15
151 17
151 21
151 23
151 25
151 31
151 41
151 44
151 56
151 59
151 69
151 71
151 77
151 79
151 85
151 95
151 103
151 109
151 112
151 116
151 117
151 121
151 128
151 131
151 141
151 145
151 151
151 158
151 159
151 164
151 167
151 169
151 181
151 185
151 188
151 189
151 197
151 201
151 221
152 10
152 23
152 25
152 27
152 29
152 30
152 32
152 35
152 53
152 59
152 67
152 68
152 71
152 74
152 83
152 89
152 95
152 100
152 110
152 113
152 115
152 123
152 124
152 131
152 137
152 140
152 146
152 147
152 149
152 152
152 153
152 162
152 167
152 170
152 177
152 179
152 181
152 183
152 188
152 190
152 191
152 199
153 4
153 5
153 23
153 25
153 29
153 35
153 41
153 59
153 63
153 64
153 65
153 77
153 83
153 85
153 88
153 92
153 95
153 96
153 101
153 107
153 109
153 110
153 116
153 119
153 122
153 123
153 125
153 129
153 130
153 135
153 137
153 143
153 151
153 157
153 165
153 167
153 169
153 170
153 173
153 182
153 184
153 190
153 191
153 203
153 204
153 209
153 213
154 3
154 5
154 7
154 9
154 11
154 15
154 16
154 20
154 43
154 45
154 56
154 59
154 65
154 73
154 77
154 86
154 89
154 95
154 103
154 105
154 113
154 114
154 119
154 131
154 135
154 147
154 149
154 157
154 167
154 185
154 191
154 197
154 203
154 220
154 221
155 13
155 14
155 17
155 23
155 35
155 46
155 49
155 74
155 77
155 80
155 81
155 83
155 85
155 92
155 96
155 99
155 101
155 107
155 108
155 116
155 123
155 125
155 127
155 129
155 137
155 141
155 144
155 149
155 152
155 153
155 179
155 183
155 192
155 193
155 195
155 209
155 213
155 217
155 219
155 220
155 221
156 4
156 7
156 13
156 17
156 19
156 20
156 21
156 23
156 26
156 27
156 31
156 45
156 47
156 51
156 55
156 56
156 65
156 70
156 83
156 87
156 93
156 99
156 103
156 110
156 112
156 114
156 115
156 119
156 125
156 127
156 132
156 138
156 147
156 155
156 159
156 161
156 162
156 172
156 173
156 188
156 190
156 191
156 197
156 203
156 204
156 206
156 211
156 216
156 219
157 5
157 17
157 21
157 23
157 32
157 33
157 37
157 51
157 53
157 54
157 57
157 59
157 63
157 65
157 69
157 77
157 79
157 86
157 93
157 97
157 101
157 104
157 113
157 129
157 133
157 134
157 141
157 142
157 150
157 156
157 158
157 162
157 167
157 173
157 179
157 181
157 185
157 188
157 189
157 190
157 197
157 203
157 205
157 213
157 217
157 219
157 221
158 6
158 7
158 14
158 17
158 18
158 22
158 27
158 31
158 55
158 57
158 61
158 66
158 69
158 71
158 75
158 76
158 87
158 98
158 102
158 103
158 106
158 113
158 116
158 123
158 125
158 127
158 131
158 134
158 135
158 149
158 153
158 155
158 164
158 187
158 198
159 2
159 8
159 11
159 13
159 27
159 32
159 33
159 38
159 53
159 55
159 60
159 65
159 83
159 85
159 89
159 92
159 97
159 106
159 107
159 112
159 119
159 121
159 125
159 137
159 144
159 149
159 151
159 153
159 157
159 164
159 171
159 177
159 181
159 189
159 190
159 193
159 194
159 197
159 209
160 9
160 23
160 29
160 32
160 34
160 40
160 45
160 47
160 59
160 65
160 74
160 77
160 79
160 82
160 85
160 88
160 93
160 97
160 98
160 103
160 104
160 105
160 108
160 122
160 125
160 131
160 133
160 134
160 143
160 147
160 151
160 152
160 155
160 164
160 174
160 175
160 176
160 178
160 179
160 181
160 189
160 192
160 193
160 194
160 195
160 199
160 200
160 201
160 202
160 203
160 205
160 219
160 221
161 7
161 9
161 23
161 25
161 26
161 36
161 37
161 39
161 40
161 41
161 47
161 52
161 56
161 62
161 69
161 71
161 80
161 87
161 89
161 93
161 101
161 111
161 116
161 118
161 125
161 127
161 137
161 149
161 153
161 161
161 167
161 170
161 171
161 172
161 173
161 177
161 179
161 182
161 188
161 189
161 200
161 203
161 215
161 221
161 222
162 5
162 7
162 11
162 13
162 23
162 25
162 27
162 29
162 31
162 43
162 46
162 47
162 53
162 55
162 71
162 74
162 79
162 89
162 95
162 100
162 101
162 113
162 119
162 123
162 125
162 128
162 137
162 139
162 147
162 149
162 153
162 160
162 161
162 173
162 176
162 179
162 180
162 181
162 191
162 197
162 207
162 211
163 1
163 5
163 7
163 13
163 15
163 21
163 23
163 25
163 27
163 29
163 41
163 44
163 45
163 47
163 50
163 53
163 57
163 77
163 79
163 82
163 83
163 87
163 89
163 95
163 103
163 113
163 116
163 122
163 124
163 132
163 140
163 161
163 165
163 167
163 170
163 173
163 185
163 191
163 197
163 200
163 201
163 203
163 204
163 207
163 209
163 213
163 221
164 15
164 19
164 26
164 27
164 29
164 32
164 35
164 39
164 41
164 47
164 48
164 50
164 53
164 59
164 80
164 83
164 91
164 99
164 103
164 104
164 110
164 119
164 122
164 127
164 139
164 146
164 147
164 151
164 153
164 170
164 179
164 185
164 188
164 191
164 193
164 195
164 197
164 211
164 215
164 217
165 7
165 23
165 29
165 43
165 46
165 53
165 56
165 57
165 59
165 60
165 68
165 69
165 77
165 80
165 87
165 89
165 94
165 95
165 104
165 105
165 109
165 117
165 121
165 125
165 129
165 131
165 135
165 137
165 147
165 161
165 164
165 169
165 173
165 176
165 181
165 183
165 185
165 193
165 194
165 198
165 199
165 203
165 205
165 209
165 215
165 217
165 220
165 221
166 5
166 13
166 16
166 23
166 27
166 33
166 34
166 35
166 47
166 51
166 55
166 59
166 75
166 85
166 99
166 107
166 113
166 119
166 127
166 128
166 135
166 139
166 140
166 141
166 147
166 151
166 158
166 161
166 165
166 170
166 183
166 203
166 205
166 211
166 212
166 215
167 9
167 12
167 22
167 25
167 27
167 29
167 31
167 41
167 47
167 59
167 64
167 69
167 71
167 73
167 75
167 80
167 83
167 95
167 100
167 116
167 117
167 125
167 128
167 129
167 134
167 137
167 144
167 149
167 153
167 155
167 161
167 162
167 164
167 169
167 179
167 180
167 196
167 197
167 201
167 203
167 204
167 209
167 219
168 4
168 5
168 11
168 14
168 19
168 24
168 29
168 35
168 39
168 63
168 68
168 71
168 73
168 74
168 77
168 79
168 85
168 92
168 93
168 95
168 101
168 102
168 107
168 111
168 114
168 119
168 137
168 145
168 152
168 155
168 164
168 170
168 173
168 175
168 176
168 183
168 184
168 186
168 187
168 188
168 189
168 198
168 209
168 212
168 219
168 222
169 3
169 5
169 11
169 17
169 23
169 25
169 33
169 39
169 41
169 45
169 46
169 53
169 55
169 56
169 59
169 61
169 63
169 67
169 68
169 77
169 81
169 82
169 86
169 93
169 113
169 121
169 123
169 125
169 135
169 145
169 149
169 152
169 156
169 157
169 163
169 173
169 189
169 194
169 201
169 202
169 207
170 11
170 22
170 26
170 36
170 42
170 53
170 54
170 59
170 61
170 62
170 63
170 65
170 71
170 74
170 77
170 80
170 89
170 91
170 101
170 107
170 111
170 112
170 115
170 123
170 124
170 125
170 135
170 137
170 139
170 141
170 143
170 147
170 152
170 155
170 158
170 159
170 161
170 165
170 186
170 191
170 206
170 208
170 209
170 215
170 217
171 2
171 3
171 9
171 11
171 13
171 20
171 23
171 29
171 31
171 33
171 38
171 48
171 61
171 65
171 68
171 69
171 73
171 85
171 86
171 87
171 95
171 97
171 101
171 104
171 105
171 109
171 119
171 128
171 137
171 145
171 155
171 158
171 161
171 165
171 169
171 173
171 177
171 179
171 185
171 189
171 200
171 207
171 209
171 216
171 217
171 219
171 221
172 5
172 7
172 8
172 13
172 15
172 29
172 32
172 33
172 35
172 46
172 53
172 55
172 59
172 63
172 77
172 80
172 83
172 95
172 99
172 104
172 117
172 118
172 119
172 122
172 124
172 126
172 135
172 143
172 155
172 158
172 171
172 176
172 185
172 186
172 188
172 191
172 199
172 203
172 214
172 218
173 1
173 6
173 17
173 28
173 33
173 44
173 45
173 49
173 50
173 51
173 53
173 57
173 71
173 77
173 78
173 81
173 83
173 89
173 101
173 102
173 109
173 111
173 113
173 116
173 117
173 125
173 133
173 135
173 137
173 141
173 147
173 149
173 153
173 154
173 155
173 161
173 165
173 169
173 173
173 179
173 182
173 183
173 185
173 189
173 190
173 197
173 200
173 201
173 216
173 217
173 218
173 221
174 5
174 6
174 7
174 11
174 21
174 27
174 35
174 43
174 59
174 65
174 71
174 76
174 77
174 83
174 85
174 86
174 89
174 102
174 109
174 112
174 119
174 131
174 134
174 135
174 137
174 139
174 149
174 153
174 155
174 173
174 174
174 185
174 187
174 191
174 192
174 194
174 200
174 206
174 215
174 219
174 221
175 3
175 5
175 9
175 14
175 17
175 23
175 25
175 33
175 35
175 41
175 43
175 47
175 53
175 57
175 59
175 61
175 73
175 74
175 77
175 89
175 95
175 105
175 113
175 116
175 119
175 136
175 138
175 140
175 145
175 147
175 153
175 155
175 166
175 167
175 170
175 173
175 174
175 177
175 182
175 191
175 193
175 194
175 204
175 209
175 217
175 221
176 3
176 5
176 8
176 15
176 17
176 22
176 37
176 39
176 43
176 53
176 64
176 68
176 73
176 77
176 79
176 80
176 82
176 87
176 99
176 101
176 107
176 113
176 128
176 130
176 131
176 135
176 136
176 137
176 143
176 146
176 150
176 151
176 152
176 156
176 159
176 166
176 179
176 181
176 182
176 183
176 191
176 197
176 203
176 211
176 215
177 5
177 8
177 9
177 16
177 23
177 29
177 33
177 35
177 37
177 40
177 47
177 56
177 57
177 59
177 72
177 73
177 77
177 81
177 89
177 94
177 101
177 113
177 128
177 133
177 137
177 140
177 143
177 159
177 164
177 179
177 182
177 195
177 207
177 209
177 213
177 215
178 1
178 5
178 13
178 14
178 15
178 18
178 23
178 27
178 35
178 39
178 41
178 42
178 50
178 55
178 59
178 61
178 63
178 68
178 69
178 71
178 77
178 80
178 97
178 98
178 103
178 104
178 111
178 131
178 141
178 143
178 148
178 151
178 153
178 159
178 161
178 165
178 176
178 183
178 185
178 190
178 196
178 197
178 201
178 206
178 210
178 211
178 215
178 222
179 2
179 7
179 9
179 13
179 17
179 22
179 23
179 28
179 32
179 47
179 53
179 57
179 63
179 64
179 71
179 81
179 84
179 93
179 98
179 105
179 107
179 113
179 116
179 119
179 125
179 129
179 137
179 138
179 145
179 146
179 147
179 153
179 165
179 170
179 173
179 179
179 181
179 194
179 197
179 203
179 204
179 209
179 217
179 219
179 221
179 222
180 2
180 3
180 15
180 17
180 27
180 42
180 45
180 47
180 49
180 53
180 57
180 59
180 67
180 68
180 70
180 71
180 73
180 75
180 77
180 83
180 95
180 101
180 103
180 111
180 113
180 119
180 121
180 127
180 128
180 131
180 137
180 140
180 146
180 149
180 150
180 154
180 155
180 171
180 173
180 175
180 176
180 179
180 181
180 187
180 190
180 191
180 194
180 199
180 202
180 203
180 207
180 213
180 215
180 219
181 1
181 5
181 9
181 11
181 14
181 17
181 23
181 26
181 34
181 37
181 38
181 41
181 53
181 59
181 68
181 79
181 80
181 87
181 92
181 93
181 95
181 109
181 113
181 117
181 121
181 131
181 133
181 143
181 146
181 168
181 180
181 187
181 190
181 196
181 197
181 200
181 213
182 3
182 5
182 6
182 17
182 19
182 23
182 25
182 27
182 29
182 33
182 35
182 47
182 51
182 68
182 71
182 75
182 79
182 83
182 86
182 91
182 96
182 101
182 103
182 104
182 105
182 107
182 124
182 130
182 139
182 147
182 151
182 153
182 157
182 159
182 161
182 163
182 164
182 167
182 172
182 173
182 175
182 179
182 181
182 182
182 185
182 189
182 196
182 197
182 199
182 211
183 1
183 5
183 8
183 11
183 19
183 29
183 33
183 47
183 53
183 65
183 67
183 73
183 79
183 85
183 87
183 89
183 95
183 97
183 98
183 106
183 117
183 125
183 130
183 131
183 133
183 136
183 140
183 145
183 149
183 151
183 153
183 161
183 171
183 173
183 179
183 185
183 191
183 197
183 205
183 221
184 4
184 5
184 23
184 31
184 35
184 38
184 50
184 52
184 59
184 62
184 67
184 79
184 83
184 86
184 88
184 95
184 98
184 101
184 107
184 121
184 122
184 131
184 139
184 143
184 147
184 149
184 152
184 155
184 176
184 181
184 185
184 188
184 195
184 203
184 207
184 209
184 212
184 219
184 221
185 1
185 5
185 7
185 8
185 9
185 12
185 17
185 18
185 33
185 34
185 35
185 39
185 42
185 45
185 47
185 49
185 51
185 53
185 54
185 57
185 64
185 65
185 69
185 83
185 93
185 99
185 101
185 115
185 116
185 118
185 119
185 122
185 123
185 125
185 130
185 133
185 136
185 137
185 152
185 153
185 161
185 162
185 169
185 173
185 175
185 177
185 185
185 193
185 197
185 206
185 209
185 215
185 216
185 218
185 221
185 222
186 5
186 11
186 15
186 16
186 21
186 23
186 25
186 27
186 29
186 41
186 47
186 49
186 51
186 53
186 64
186 65
186 66
186 71
186 77
186 96
186 103
186 107
186 109
186 113
186 114
186 119
186 135
186 137
186 143
186 155
186 160
186 161
186 164
186 167
186 175
186 181
186 188
186 191
186 207
186 209
186 212
186 215
186 221
187 1
187 5
187 23
187 27
187 36
187 37
187 40
187 41
187 45
187 53
187 61
187 69
187 79
187 81
187 85
187 86
187 89
187 93
187 95
187 101
187 111
187 117
187 121
187 123
187 128
187 131
187 133
187 137
187 141
187 145
187 149
187 150
187 153
187 155
187 157
187 161
187 173
187 174
187 175
187 185
187 187
187 194
187 197
187 210
187 215
187 221
188 7
188 11
188 17
188 21
188 26
188 35
188 37
188 39
188 41
188 44
188 59
188 69
188 71
188 83
188 85
188 90
188 91
188 97
188 103
188 104
188 107
188 111
188 113
188 116
188 119
188 125
188 128
188 129
188 134
188 147
188 148
188 151
188 154
188 164
188 176
188 179
188 181
188 185
188 190
188 191
188 193
188 197
188 217
188 219
189 8
189 17
189 24
189 29
189 32
189 33
189 35
189 41
189 43
189 53
189 61
189 65
189 73
189 81
189 87
189 91
189 95
189 101
189 105
189 107
189 109
189 111
189 117
189 119
189 125
189 127
189 128
189 145
189 147
189 151
189 155
189 156
189 161
189 167
189 169
189 175
189 179
189 182
189 191
189 195
189 200
189 201
189 205
189 217
190 5
190 13
190 14
190 23
190 24
190 28
190 33
190 41
190 43
190 44
190 47
190 49
190 59
190 65
190 75
190 82
190 83
190 85
190 88
190 93
190 95
190 105
190 107
190 112
190 125
190 126
190 131
190 139
190 141
190 148
190 149
190 151
190 153
190 155
190 165
190 167
190 173
190 179
190 190
190 191
190 194
190 203
190 209
190 211
190 219
191 2
191 5
191 17
191 25
191 29
191 32
191 35
191 53
191 55
191 69
191 75
191 77
191 79
191 81
191 89
191 97
191 99
191 101
191 109
191 113
191 116
191 125
191 131
191 133
191 137
191 142
191 143
191 153
191 155
191 161
191 162
191 170
191 173
191 189
191 190
191 191
191 195
191 197
191 203
191 206
191 209
191 210
192 11
192 17
192 19
192 31
192 37
192 39
192 41
192 45
192 47
192 51
192 59
192 61
192 71
192 75
192 87
192 91
192 92
192 101
192 107
192 116
192 119
192 123
192 129
192 131
192 134
192 141
192 145
192 149
192 153
192 155
192 159
192 161
192 162
192 163
192 169
192 171
192 173
192 179
192 183
192 185
192 187
192 191
192 196
192 205
192 209
192 218
193 1
193 5
193 7
193 15
193 17
193 23
193 27
193 28
193 29
193 33
193 38
193 41
193 49
193 50
193 53
193 59
193 65
193 71
193 89
193 95
193 103
193 112
193 116
193 125
193 131
193 134
193 137
193 141
193 153
193 155
193 161
193 164
193 167
193 172
193 173
193 185
193 193
193 201
193 203
193 205
193 215
193 217
193 221
194 2
194 3
194 5
194 12
194 15
194 17
194 27
194 32
194 35
194 37
194 39
194 52
194 59
194 63
194 71
194 80
194 88
194 91
194 101
194 110
194 111
194 115
194 116
194 135
194 137
194 141
194 143
194 147
194 155
194 159
194 160
194 179
194 191
194 193
194 197
194 207
194 211
194 213
194 215
195 3
195 5
195 14
195 15
195 26
195 38
195 53
195 57
195 58
195 63
195 65
195 77
195 86
195 89
195 92
195 93
195 101
195 103
195 120
195 127
195 139
195 140
195 141
195 153
195 155
195 157
195 161
195 165
195 172
195 173
195 175
195 180
195 181
195 189
195 191
195 197
195 201
195 202
195 209
195 212
195 221
196 5
196 7
196 10
196 11
196 14
196 27
196 33
196 35
196 57
196 59
196 72
196 80
196 83
196 101
196 113
196 115
196 116
196 119
196 125
196 131
196 139
196 141
196 143
196 150
196 153
196 161
196 163
196 167
196 169
196 171
196 176
196 185
196 191
196 193
196 197
196 199
196 200
196 203
196 210
196 211
196 221
196 222
197 2
197 5
197 9
197 11
197 25
197 35
197 44
197 50
197 53
197 57
197 62
197 65
197 73
197 77
197 80
197 83
197 89
197 95
197 101
197 104
197 105
197 107
197 112
197 113
197 116
197 125
197 131
197 135
197 151
197 153
197 157
197 158
197 161
197 163
197 165
197 167
197 169
197 173
197 187
197 191
197 197
197 200
197 211
197 215
197 217
198 5
198 11
198 19
198 23
198 27
198 33
198 44
198 47
198 53
198 59
198 60
198 62
198 65
198 74
198 79
198 83
198 89
198 95
198 105
198 107
198 108
198 109
198 117
198 119
198 121
198 149
198 154
198 167
198 171
198 173
198 182
198 187
198 188
198 191
198 209
198 210
198 211
198 212
198 213
198 215
198 216
198 219
198 221
199 5
199 11
199 13
199 17
199 21
199 30
199 33
199 35
199 38
199 39
199 42
199 43
199 45
199 47
199 49
199 50
199 54
199 59
199 69
199 73
199 75
199 77
199 79
199 81
199 87
199 89
199 97
199 98
199 99
199 103
199 113
199 138
199 147
199 149
199 153
199 155
199 164
199 166
199 167
199 169
199 171
199 181
199 185
199 196
199 209
199 221
199 222
200 1
200 5
200 7
200 14
200 23
200 25
200 27
200 43
200 47
200 53
200 62
200 65
200 75
200 79
200 95
200 99
200 101
200 102
200 107
200 108
200 110
200 111
200 115
200 116
200 120
200 125
200 127
200 131
200 139
200 143
200 147
200 151
200 152
200 155
200 158
200 170
200 171
200 173
200 175
200 177
200 179
200 187
200 191
200 197
200 215
200 221
201 10
201 11
201 13
201 14
201 26
201 27
201 29
201 31
201 32
201 37
201 38
201 49
201 53
201 59
201 61
201 65
201 66
201 69
201 71
201 73
201 74
201 75
201 77
201 78
201 79
201 81
201 93
201 105
201 108
201 113
201 118
201 119
201 125
201 126
201 128
201 149
201 154
201 157
201 165
201 166
201 171
201 178
201 179
201 185
201 198
201 204
201 209
201 221
202 3
202 5
202 11
202 19
202 30
202 31
202 38
202 39
202 41
202 51
202 55
202 60
202 62
202 63
202 67
202 75
202 85
202 87
202 91
202 95
202 117
202 121
202 127
202 131
202 133
202 143
202 145
202 147
202 151
202 161
202 162
202 164
202 167
202 171
202 175
202 176
202 179
202 183
202 185
202 196
202 197
202 199
202 203
202 204
202 215
202 221
203 1
203 5
203 8
203 13
203 17
203 22
203 23
203 26
203 34
203 38
203 52
203 53
203 61
203 65
203 75
203 77
203 93
203 101
203 105
203 116
203 122
203 125
203 144
203 153
203 155
203 161
203 167
203 175
203 179
203 181
203 182
203 183
203 197
203 209
204 5
204 11
204 13
204 32
204 39
204 43
204 47
204 56
204 65
204 74
204 77
204 78
204 79
204 83
204 87
204 92
204 94
204 95
204 103
204 110
204 113
204 115
204 119
204 123
204 125
204 131
204 133
204 136
204 137
204 141
204 146
204 151
204 155
204 161
204 177
204 184
204 187
204 191
204 194
204 207
204 214
204 215
205 5
205 9
205 17
205 18
205 21
205 27
205 31
205 35
205 37
205 41
205 46
205 52
205 53
205 59
205 61
205 65
205 67
205 69
205 74
205 83
205 92
205 109
205 110
205 113
205 119
205 129
205 133
205 137
205 138
205 140
205 153
205 155
205 158
205 161
205 171
205 180
205 185
205 194
205 197
205 203
205 212
205 215
205 216
205 219
205 221
206 1
206 8
206 11
206 17
206 21
206 22
206 26
206 27
206 31
206 34
206 42
206 50
206 53
206 55
206 68
206 71
206 73
206 103
206 111
206 125
206 128
206 134
206 136
206 143
206 149
206 153
206 158
206 161
206 165
206 170
206 172
206 179
206 183
206 191
206 197
206 201
206 203
206 211
206 218
207 1
207 5
207 17
207 24
207 26
207 29
207 39
207 41
207 44
207 45
207 48
207 53
207 59
207 65
207 68
207 76
207 77
207 84
207 85
207 87
207 89
207 92
207 97
207 107
207 109
207 110
207 121
207 123
207 126
207 128
207 129
207 133
207 137
207 139
207 146
207 167
207 173
207 174
207 182
207 185
207 194
207 206
207 208
207 209
207 214
207 220
208 3
208 5
208 12
208 14
208 17
208 19
208 23
208 28
208 33
208 35
208 38
208 59
208 61
208 69
208 71
208 74
208 76
208 79
208 85
208 87
208 92
208 99
208 104
208 109
208 113
208 118
208 122
208 123
208 127
208 135
208 149
208 151
208 159
208 168
208 180
208 181
208 185
208 187
208 193
208 194
208 196
208 199
208 209
208 215
208 221
209 5
209 16
209 21
209 33
209 38
209 40
209 41
209 43
209 53
209 55
209 56
209 59
209 62
209 73
209 79
209 101
209 107
209 113
209 117
209 119
209 120
209 125
209 127
209 134
209 135
209 146
209 149
209 150
209 152
209 156
209 157
209 160
209 161
209 167
209 175
209 179
209 183
209 185
209 188
209 189
209 191
209 197
209 198
209 210
209 213
209 215
209 217
209 221
210 5
210 7
210 9
210 11
210 30
210 47
210 53
210 56
210 64
210 65
210 67
210 68
210 71
210 72
210 83
210 86
210 91
210 93
210 111
210 112
210 115
210 119
210 121
210 122
210 123
210 131
210 135
210 146
210 152
210 155
210 159
210 163
210 165
210 169
210 173
210 175
210 179
210 181
210 182
210 187
210 191
210 195
210 203
210 209
210 215
210 218
211 13
211 23
211 25
211 32
211 33
211 35
211 41
211 48
211 49
211 53
211 59
211 64
211 74
211 77
211 78
211 79
211 80
211 81
211 87
211 98
211 101
211 110
211 113
211 114
211 116
211 120
211 130
211 134
211 137
211 153
211 158
211 165
211 167
211 169
211 173
211 177
211 179
211 182
211 188
211 191
211 192
211 197
211 206
211 209
211 222
212 2
212 4
212 6
212 16
212 21
212 28
212 29
212 39
212 51
212 60
212 66
212 68
212 72
212 84
212 90
212 92
212 94
212 104
212 111
212 116
212 119
212 120
212 124
212 132
212 144
212 154
212 159
212 168
212 171
212 174
212 180
212 183
212 187
212 195
212 196
212 204
212 207
212 220
212 222
213 5
213 10
213 18
213 30
213 32
213 33
213 34
213 35
213 42
213 43
213 46
213 60
213 63
213 64
213 66
213 68
213 76
213 77
213 78
213 84
213 93
213 95
213 101
213 102
213 120
213 122
213 123
213 129
213 132
213 150
213 151
213 154
213 157
213 158
213 165
213 168
213 170
213 174
213 177
213 179
213 183
213 186
213 190
213 210
213 216
213 222
214 8
214 13
214 15
214 24
214 28
214 35
214 36
214 40
214 43
214 44
214 46
214 57
214 64
214 72
214 76
214 78
214 80
214 87
214 96
214 102
214 106
214 120
214 121
214 123
214 128
214 132
214 134
214 135
214 140
214 148
214 152
214 153
214 154
214 156
214 165
214 166
214 168
214 174
214 180
214 181
214 186
214 198
214 201
214 203
214 204
214 205
214 210
214 220
214 221
215 1
215 3
215 4
215 6
215 10
215 18
215 27
215 28
215 30
215 40
215 42
215 45
215 48
215 58
215 73
215 86
215 87
215 102
215 111
215 114
215 117
215 126
215 128
215 129
215 131
215 135
215 138
215 144
215 158
215 159
215 162
215 167
215 172
215 174
215 177
215 180
215 182
215 183
215 186
215 194
215 195
215 196
215 202
215 216
215 218
215 219
216 3
216 6
216 12
216 13
216 28
216 30
216 36
216 39
216 44
216 48
216 51
216 56
216 60
216 66
216 72
216 78
216 81
216 88
216 90
216 93
216 108
216 111
216 116
216 117
216 119
216 120
216 124
216 126
216 128
216 130
216 131
216 132
216 140
216 144
216 152
216 154
216 156
216 160
216 164
216 167
216 168
216 174
216 176
216 177
216 180
216 188
216 195
216 200
216 205
216 206
216 209
216 212
216 217
216 220
217 15
217 18
217 21
217 24
217 30
217 39
217 44
217 48
217 54
217 72
217 75
217 78
217 90
217 93
217 98
217 102
217 106
217 114
217 117
217 118
217 120
217 124
217 128
217 136
217 138
217 141
217 143
217 144
217 150
217 156
217 158
217 162
217 166
217 170
217 177
217 180
217 186
217 188
217 191
217 195
217 210
217 216
218 3
218 23
218 36
218 39
218 51
218 57
218 73
218 78
218 80
218 82
218 87
218 90
218 100
218 104
218 109
218 110
218 112
218 114
218 117
218 122
218 139
218 142
218 153
218 162
218 166
218 171
218 180
218 187
218 189
218 191
218 196
218 198
218 199
218 200
218 204
218 211
218 213
218 216
218 219
218 220
218 222
219 2
219 6
219 18
219 20
219 21
219 23
219 26
219 27
219 30
219 31
219 37
219 42
219 49
219 50
219 64
219 71
219 72
219 79
219 88
219 90
219 93
219 102
219 103
219 106
219 110
219 112
219 114
219 116
219 134
219 138
219 145
219 154
219 165
219 170
219 175
219 180
219 185
219 189
219 190
219 192
219 206
219 210
219 213
219 217
219 221
220 4
220 5
220 24
220 25
220 28
220 30
220 36
220 40
220 48
220 54
220 66
220 73
220 78
220 84
220 85
220 89
220 90
220 94
220 96
220 105
220 106
220 114
220 120
220 126
220 128
220 130
220 132
220 140
220 144
220 150
220 153
220 154
220 156
220 159
220 164
220 166
220 168
220 174
220 180
220 186
220 192
220 196
220 199
220 204
220 218
220 220
221 6
221 10
221 18
221 36
221 42
221 48
221 54
221 62
221 66
221 69
221 72
221 73
221 82
221 86
221 87
221 88
221 90
221 94
221 102
221 114
221 117
221 120
221 124
221 126
221 144
221 145
221 147
221 154
221 156
221 159
221 162
221 164
221 166
221 168
221 180
221 184
221 190
221 198
221 201
221 202
221 204
221 206
221 207
221 216
222 5
222 6
222 8
222 11
222 12
222 15
222 17
222 22
222 24
222 36
222 39
222 42
222 48
222 56
222 58
222 60
222 68
222 72
222 75
222 80
222 84
222 92
222 93
222 95
222 96
222 98
222 100
222 108
222 114
222 120
222 127
222 132
222 156
222 161
222 162
222 163
222 174
222 182
222 188
222 191
222 192
222 196
222 200
222 204
222 207
222 208
222 209
222 216
