1
1 0 1 1 0 0 0 0  1  0  0  1  1  0  1
2 3 4 5 6 7 8 9 10 11 12 13 14 15 16
76445 57578 62873 67584 47714 16433 59580 5763 56815 53623 6607 70152 58573 24454 3661
31138 84495 83558 70319 4423 15755 50028 43559 66705 38069 6295 53647 51543 6319 9217
95428 16824 61580 1983 82826 84903 35807 54727 62829 85979 85464 26219 91920 63720 68689
77093 96255 75811 27662 43868 60278 14974 51174 81694 25406 88829 48695 78137 87099 41991
82711 30114 72731 54393 37686 38544 46142 90489 59879 36998 48072 33983 99573 51631 98087
64832 11747 196 51216 60168 12445 27573 56658 7821 35576 92596 34031 40656 41466 72813
75468 54745 64175 30477 97631 53464 63646 16914 12439 97086 52163 31886 19540 29888 86604
76694 49303 55529 51756 90871 13204 30702 78041 76325 62164 41204 55469 38586 48041 82597
57960 15389 44953 98377 15391 19088 10783 18756 68372 5958 46788 44101 98103 87486 89070
12112 62411 11051 51823 65956 90363 81819 77611 41258 35576 48016 35705 30346 27423 18937
82015 91158 11035 57569 28876 41591 63155 38074 81135 37913 49883 54899 56857 32540 49034
32532 58330 18694 39867 99025 62131 53994 15713 76970 80959 81810 46105 94267 3149 53677
45234 95705 61256 54089 56209 9463 26072 46377 45479 18097 79263 72777 68348 62457 83267
56977 87594 56696 81441 49173 86601 2548 16705 18434 13026 99818 57442 59640 84386 40106
7760 97475 36323 94001 28267 84524 75937 58562 82998 8101 17075 6269 8116 59587 61172
734 44812 31035 15355 94820 29993 19856 67188 18942 62723 50446 9034 72285 67989 69905
18088 25301 39137 90396 85234 63998 61813 18593 24451 83652 45133 46644 74780 43292 74693
89113 81627 40183 61630 40658 72720 9599 43337 74901 21987 57063 74242 15500 72251 9776
30969 30839 72625 11831 5217 83554 50476 40434 47842 19236 59171 83480 30832 80450 31581
61058 88879 86900 59752 53514 84666 37558 99580 52935 33047 22677 75888 81114 75339 33287
4964 56887 13344 31989 13550 8345 13723 86741 79501 72413 28458 82710 9057 79116 20325
11212 70497 63142 36268 10219 42185 73235 35602 36510 22395 20631 68413 9518 54228 36390
52243 74445 47138 54756 8366 7469 39301 86792 44420 2720 51784 61910 69908 67846 75281
87196 15404 4588 96474 65209 67022 62409 60339 76033 71621 74733 88940 24686 77729 71499
45445 16366 418 41170 77819 16215 69336 71974 38649 86581 27395 4710 74284 22018 70775
41739 93550 35998 95545 97632 85115 94683 64610 78394 29720 45727 46393 34201 32565 84679
47483 24958 23241 99810 5230 73343 98400 10671 10511 82919 31498 35831 30623 16877 62885
83632 38029 79569 25147 288 17689 73869 51459 16120 9757 73674 6630 77074 65047 61309
47989 47408 56107 43235 89671 32183 9355 43013 89329 89324 22477 98622 12560 60240 12660
67893 69562 2336 11708 4808 63442 58988 66515 38827 24909 6773 90545 29137 19076 31728
96910 3668 52640 14451 5714 14529 57689 27252 78793 81851 94989 65595 39975 88990 5850
18986 34734 17797 89863 91604 40077 4144 2865 54362 10502 29818 48244 89266 8979 98671
48488 71997 95903 36403 39105 48084 98383 44281 86740 11433 98756 5312 89391 92486 80757
70106 29483 12888 42503 99511 63729 4715 98263 7043 13563 4535 22884 79159 12923 80461
91837 43332 38687 34597 81147 78611 55377 71600 6004 78908 21436 31468 51133 29126 7034
5883 15639 49459 82061 34412 55957 60882 97310 94934 1669 19248 68544 59226 97649 60256
42304 3390 32173 28239 62353 2491 95228 19874 39566 61778 44038 4409 42329 16711 93580
65917 16347 11461 6061 91878 11369 480 62991 75123 96718 45079 43226 52829 2951 59882
83459 60907 98387 77923 1190 11559 44937 53327 36447 83910 63219 9978 38294 1623 49642
54277 91075 573 97136 41529 79105 69612 74622 14447 99255 35373 99188 44325 47544 32920
56571 97135 55300 97875 95128 64225 84146 69141 86765 89779 49511 59325 55055 83014 82528
19660 50325 44167 70829 57156 56131 37913 70028 95059 46492 38699 89554 25677 87935 24684
48357 87302 32096 51982 28504 35539 95946 15300 97689 38292 1885 99312 47896 490 99625
13933 93236 40393 94443 24978 58358 87423 88700 69143 8193 44863 5177 88914 49499 99130
97765 84838 12286 45329 42152 87753 79602 71022 68330 13796 89756 2480 97171 49083 32203
57682 85764 74145 77060 45894 89958 23931 69516 75648 52510 53295 71437 50479 73579 1726
77707 25459 7854 89617 40106 4295 70023 39237 11367 33292 67157 62766 15303 60009 92543
86798 75824 93969 66938 32206 14109 80898 30925 49548 11398 98926 88261 12580 71883 35792
13795 91547 38020 19758 96055 46494 7678 47766 64416 7085 26772 66396 8397 76315 75879
84024 76230 16210 81090 28892 99961 87149 63208 52422 45095 83369 10928 25069 48439 31646
15672 17666 19809 32636 377 96809 89613 37237 44699 80402 26246 5869 40416 39484 70039
46108 52726 67477 99836 77992 44391 78269 47462 72478 49285 5619 1670 80332 94941 43540
60224 31580 32467 34069 72177 94895 18962 21608 78421 65125 43885 94854 17133 66692 60512
42484 69165 44212 58367 78296 63604 85657 59776 81880 65240 35031 53976 1144 79597 78436
50239 55842 14723 92798 80571 65841 18683 70848 92554 71016 45174 90682 69975 90939 83622
53500 9587 98492 29695 43804 17357 7186 88920 16582 84165 5577 49214 82018 22302 79629
13025 84482 63538 1683 79704 41782 40906 41964 47951 42198 15120 26657 58246 38765 61600
18252 44838 57532 29620 26407 77025 87320 54544 73491 80775 65029 57869 15740 97438 92753
68409 58301 44181 75809 98497 91432 84720 85017 30321 63255 47669 22040 42548 40104 75019
161369 173965 81180 34440 112441 85637 120775 25040 104279 162793 149519 90746 98653 97927 67409
12575 6153 4916 39324 46426 85533 42817 99791 67093 63555 32933 60767 51497 21091 25135
33877 28603 9013 24054 95696 61771 47748 32785 22095 18150 16217 33038 32625 63939 71378
28254 72630 45337 26440 54796 27279 24907 10974 82170 7418 65002 92013 24446 33878 90242
1968 94366 88902 60304 10940 72032 26260 96980 46075 15959 11179 80355 16308 29164 53401
62441 20176 22147 79991 48318 61609 70802 29563 22420 24609 60357 36159 5989 51743 23377
74397 56684 69456 73368 48905 89583 86960 1416 44343 22978 65619 50819 41100 80499 95098
16419 52052 20741 64590 84748 30254 83835 1417 54285 93323 75039 9872 64171 31218 97076
52810 21037 60564 73760 12865 84087 96072 61769 27445 10922 56706 1290 87716 12852 65143
66642 27081 45590 77049 93836 52762 83737 82248 62514 87104 89259 72970 61971 61221 71682
35069 2667 5151 90711 12615 61286 93416 92167 28129 85071 38703 13620 14067 40523 61129
7299 28385 54898 85397 30074 41015 36946 23511 85398 86666 91632 83746 21474 55811 93118
20672 81439 13646 1660 22964 20988 17395 49664 5359 87350 98020 37754 18684 18225 11214
61481 82112 96116 37656 98771 47662 51679 48804 16104 56963 8311 16209 3180 37776 38356
22417 92692 97921 55293 31907 78669 3050 55442 46959 68075 28773 51941 85264 65985 74708
2615 87664 7754 63659 50585 44345 48685 64470 34841 45695 72611 62969 91579 30250 36067
13519 86481 41548 57743 29879 46263 4159 27543 13263 12630 8746 49456 22823 25267 10722
87209 48835 61252 20248 72222 17131 88512 78077 88243 84044 40322 96225 73071 74158 76997
16431 60512 1770 7864 30145 31606 96039 73601 24280 31038 25482 95035 95315 12927 86209
96145 22400 54278 9161 6885 85959 67917 51295 84780 91852 1087 12006 62294 96580 84561
18960 5254 70396 26416 61325 25658 9981 32933 61952 41613 4817 85095 43746 57515 23958
8310 10983 7382 51160 73081 84896 353 73344 78023 86522 32645 5758 35727 19502 35421
51987 64679 39088 46316 29649 74509 96039 36593 15640 56029 6024 36870 96363 21630 49074
51563 25516 23414 73794 73309 44333 81992 9843 72175 32102 39064 72175 4895 64296 22123
49147 84286 54924 14851 67950 7870 3819 32108 13674 32868 97990 47199 31891 58280 48852
72528 14200 75547 46611 26628 37949 15417 72801 26031 51043 41788 45768 60468 77604 34300
76769 65874 21515 32325 84675 35658 70036 38361 30236 71957 19535 95637 803 72900 28141
80923 38365 77135 91624 58799 50056 94739 77336 34427 20250 52203 98068 95415 10333 58138
81178 17801 36876 20850 23904 86981 79577 48346 35844 48091 40152 13829 87933 31473 42385
10224 25097 82670 19460 36887 79110 29530 57664 61058 71123 60095 98614 77356 75524 16264
29075 8279 85928 52336 89847 48013 49878 73607 73956 44808 2076 81466 59814 23785 60508
26575 20799 28559 99146 57830 37590 14264 20531 58670 12780 67501 48582 63473 84791 6563
8908 42877 98565 76135 24976 68575 22461 56427 90607 19141 48284 44402 54365 65561 68820
35043 67341 48680 78408 69083 21310 13327 72102 66338 73430 59112 52046 34321 4093 90058
95353 25567 87625 17118 56328 80956 92803 1022 68720 39860 80876 90430 11262 34037 86326
7756 44328 26462 729 87692 20416 60254 84592 88298 6365 39360 27926 28960 39001 90570
78748 80451 25671 99031 83121 10834 30594 24022 49236 5407 24958 67788 13010 78181 68265
93340 53109 92690 33964 26166 84665 59124 73175 51903 34921 16145 65384 64333 12587 9116
54206 24159 18850 7545 35798 39617 41940 61217 98707 64464 17034 33538 98098 95038 28863
84638 86887 40422 29633 99989 73508 73133 20244 50823 18350 59619 78051 97332 76426 259
9753 21107 74200 11536 91267 73473 70722 92185 46920 81757 82887 66701 16284 53594 23626
60485 58836 17589 98036 23600 62140 75228 15133 97871 21075 42202 8875 99694 60760 40997
7990 2653 77060 97683 74168 53359 56194 93999 97132 59673 33205 51973 50659 49477 61092
44744 79624 12355 50091 64112 86123 94294 23482 90150 64847 30230 43161 4307 79973 71866
7051 26682 17358 79736 3105 40271 97131 43421 82885 61933 49123 74847 94614 21888 54924
62547 73561 71663 72237 20808 91639 6881 31926 37390 56424 86998 74685 21525 39025 47370
83602 46316 54388 48916 19414 68349 38694 46499 81356 80923 17735 20773 41691 28389 81555
28839 79714 8565 17694 78863 52870 97009 86234 14423 75377 70521 89784 7405 66091 35625
27004 76794 63787 54476 98850 71940 56038 35086 80653 85423 96499 45349 12815 50053 81106
30644 90586 58478 25003 53783 18258 26668 96128 17752 4316 32687 48941 8572 88391 52402
75384 73848 19911 84667 5524 5869 1293 84001 70330 23507 53938 12513 58274 58946 35029
71367 96017 68830 17692 34250 95664 31240 65832 96397 83894 40170 14035 45721 97249 48891
59721 46000 48195 74055 4108 36082 44019 36613 21915 84407 87934 65026 93331 16322 29074
31024 35776 16078 14453 80820 83154 34517 90227 97844 79634 54009 89535 93982 30390 24608
54352 90389 10067 16160 76899 36250 60881 57412 42346 18079 93572 43779 67132 42009 46850
9813 57660 38154 27491 85874 89242 99261 37242 82453 22761 1329 63727 74370 15522 59937
29377 20122 36675 49397 23550 38084 86456 10369 73565 29461 81685 70229 13579 66546 22173
55915 28323 21183 76824 38236 95025 99903 82694 15673 85633 4119 73835 82025 15515 96418
99824 55324 4619 90669 23585 86216 85232 14394 13392 8575 71331 74939 22738 21282 28758
84971 2246 39063 2031 41236 14202 65416 67477 72616 74664 59393 59161 31684 35457 47888
6356 78569 37253 98003 64686 69735 49469 51056 36659 23727 11761 62037 4330 73594 54245
77787 8294 2757 22640 9768 39824 28525 44502 70983 49458 54207 33769 891 14527 85081
92181 99220 38751 39632 37144 89466 12350 68906 90028 83734 33280 66441 49300 58131 9873
90958 97707 89934 21239 12507 71418 24840 48325 97301 78430 51244 51917 23789 94856 23511
87783 32719 14562 38471 72252 34663 22236 1834 49340 72229 93970 95809 51064 27399 36496
36341 22096 76791 46895 54569 41926 13053 70473 33085 418 4866 38009 74038 24081 73711
61499 68221 9706 96041 80600 98142 17236 56494 26457 20953 76166 96036 10719 1117 85220
49508 87161 21622 98564 68946 37694 88842 12596 37253 46661 8558 85363 45319 1780 93944
77149 77270 88441 78877 75604 84868 94702 99176 53846 27658 39719 11535 9821 44646 76142
21774 90756 58356 50630 66094 11351 37368 78626 92902 64376 81186 76789 71196 50930 50418
26955 88514 83732 58369 73246 78803 64345 32607 29085 93320 83028 11148 84074 15523 24692
9476 52545 33434 58468 53884 98959 58363 67486 60812 73399 88489 45720 89974 42090 39725
42662 83320 90452 87293 52756 40360 45311 54306 75389 18257 88410 1386 57957 25500 56786
50226 16955 58578 61731 11925 88493 47046 68186 53794 34173 56583 68474 40878 16674 58131
99883 96014 37582 30730 37903 91531 2913 94553 11218 63546 78344 27495 13747 30295 53123
85695 92557 47671 15959 71168 50994 22280 76957 78977 4342 62030 65401 10488 60733 55034
30628 77071 44414 45727 85989 81027 2054 42037 46151 28768 26831 85141 95120 75223 22228
6151 52304 20606 53854 36947 50113 68574 3374 21539 45439 23333 68776 3254 33255 97462
72611 62632 22203 5511 70679 58103 35878 4670 64346 45405 71979 99790 36039 90463 4013
35116 75804 74246 73761 46620 1045 53160 54161 2645 99551 3578 18754 77049 68946 86761
91329 46763 68782 10523 58434 6267 49895 98500 29222 909 78112 68439 38925 21299 71025
40415 47714 8705 59275 35113 38708 54758 27321 51790 46116 19715 30254 16880 47442 18658
8207 89053 49718 72646 9848 17191 81308 17696 43442 24197 37239 71356 55323 88600 96606
4387 72238 91836 28330 76200 56020 82345 65860 15078 62378 91096 7890 13473 45567 81279
33871 17135 14227 43166 70527 9542 94394 89891 84937 9581 67121 89199 76967 17009 49369
18772 11616 36674 1380 76800 50933 97086 93092 81452 88456 35789 83018 88900 74346 67029
69643 18085 33013 26821 48822 58870 75887 24922 71321 52499 10775 32658 99426 24094 92314
66488 89993 35796 77349 1091 42888 92534 65679 60882 16351 50303 9545 97517 50760 17608
82781 28959 3722 14033 26506 79559 91308 20640 22201 69276 61731 49489 26365 42391 45279
59249 97455 51672 81010 55464 48167 87508 21601 49230 39538 48450 64929 14416 76658 56860
29947 3892 60342 25961 94035 93571 61399 56900 824 7318 94023 79056 14817 27705 64737
86461 50647 94809 11999 343 45174 40541 54891 84744 45522 43304 75824 63585 82584 92164
50852 96325 38346 32556 27280 46242 73492 1522 65602 91734 76551 83268 11638 19946 99084
91549 85464 64263 28112 58366 46152 40661 51677 83921 73942 63088 19761 96128 56245 24351
19659 21823 55772 78668 76824 13136 53408 8919 76361 99014 97638 58859 82932 821 11269
85469 56913 52239 12811 63193 24262 16655 13141 91950 1996 11367 62149 176 91927 82693
94827 81361 45151 94813 62761 44745 22389 87310 11982 13634 70713 62382 3023 87421 40409
71928 88305 58661 65476 25532 33499 58016 95090 18705 51306 46872 95706 32399 20215 16523
12700 55307 18467 91530 40424 96472 92324 20203 93950 57572 90466 92428 79848 40379 60265
31974 16673 43599 86932 16224 18995 50444 44571 75271 22231 84452 82838 30411 91734 25910
57197 49065 95667 46641 1318 76130 92288 7128 59463 92275 16607 513 34877 89859 80542
82620 42247 76516 28890 83623 22483 77674 6618 92158 32315 5703 27570 28702 46501 11223
69048 28193 84283 65930 18503 2979 36816 23435 64643 17218 43420 90134 69018 68144 72891
51900 16087 12962 4846 56959 12030 56544 517 69192 31537 25282 74431 96125 42448 98670
23718 89525 5155 90922 21887 36499 61601 60425 28017 3245 93721 39896 65400 8568 77347
59221 66998 43984 58365 75629 53271 93005 29091 7318 24396 29241 80808 40334 62203 15480
94691 50858 73947 3246 31050 20194 85444 919 8722 63462 17619 88482 90819 90817 42501
86842 32915 8727 30897 58832 88911 48812 18389 74587 1009 75024 54167 82474 58463 69598
23707 17765 32275 90591 68221 53910 13279 23210 68460 94101 1654 99636 63390 58216 67986
16102 84607 31350 71253 83494 6000 43540 90437 49617 80277 51820 73061 83761 35131 31789
83609 47172 79684 15093 25664 90035 28905 29439 66026 58817 81838 25646 8765 34967 31083
42190 63775 32996 78296 71764 98157 97417 34219 6424 42196 44631 19917 43410 93328 94030
33002 1645 74681 48666 25565 28248 26251 93844 4514 51677 12096 89679 29072 23165 59242
98286 85977 69439 91144 2116 11954 99348 92883 67288 24553 3823 64419 14972 23621 19368
9770 43899 35886 59261 97243 2718 91635 46347 13438 49720 97116 40297 31194 93516 74162
60254 34941 25878 28555 41910 97058 32400 78948 10121 10662 48596 17477 24717 91724 70843
90819 79125 8510 51581 29262 66089 91082 54020 98702 83405 71093 29027 99553 78253 34521
7609 77275 97853 64911 10463 95042 81725 27955 73868 22985 41046 20804 53897 98498 40237
80527 7449 56875 93329 43146 42905 18662 34398 23756 84760 20134 14040 27849 19824 35238
93516 80444 61465 76316 11625 27549 1414 95295 92802 68045 2228 78884 54170 35319 47828
45485 15351 28006 49064 64 32984 34733 6856 87705 14742 39252 23281 26976 96273 10805
88746 83847 184350 97538 40339 96710 180421 113894 132671 54249 177708 158644 60508 119263 96103
58488 21709 44653 24864 93094 181 5540 87107 56739 37515 62675 87442 91372 26446 26933
6875 87439 23051 91021 4869 27376 55032 60307 52361 14836 36192 50329 25443 87536 12612
42435 44305 3282 64182 76303 12632 92247 99953 89167 2002 18947 41253 52856 76003 17617
12755 33502 35965 86414 48722 37691 49110 97991 99220 8574 56732 84301 74256 25669 48361
22507 10565 44128 32887 54280 5561 91127 38406 1316 83736 82804 40502 99982 4157 30269
52195 88253 26257 71149 76439 24860 11042 79615 88420 8260 35479 59772 58541 78454 42614
33246 45066 80462 69899 68825 88901 40757 39728 14898 88606 38503 88710 11681 85925 39826
66118 84140 1880 54808 34324 17935 46605 46880 89517 44594 20772 76918 48014 54676 79601
72435 86699 65103 68648 58022 20988 29869 20152 67811 77904 39010 99694 92578 94049 3151
93983 28620 13318 15641 68496 38312 46006 7490 87080 37823 21380 60050 97871 97175 48715
19966 528 48933 45632 4335 57776 23494 47051 12370 84200 71656 51838 73275 72040 48856
12001 47939 99623 13221 20615 31258 90745 76249 81969 1240 41807 54245 43197 84725 62062
25615 40098 53349 80753 77294 27300 53294 52178 2710 9770 42314 32051 18650 92926 5565
85450 84292 75328 31141 9014 92921 27839 16278 2499 63545 85888 10284 60689 45183 20834
64128 33199 30 41431 36536 61767 30077 8281 47122 93759 93178 36383 68024 18343 79556
29511 32972 79028 4391 56618 99781 36374 26547 99863 90389 59762 72751 47398 43721 69008
38351 85257 25534 32817 26119 45342 17152 95583 92172 9491 32892 50491 47420 21149 12681
88255 26798 77277 37996 19652 90066 33225 35328 41254 19172 90918 95443 48091 82127 28342
21840 86923 17560 14992 60396 74415 71480 97436 50396 60271 50026 94331 47702 17679 11233
82657 32091 43598 76098 80462 99380 45582 99916 83365 98762 87001 32521 8676 64696 40295
81529 93574 7952 21947 93273 22160 53483 19546 90625 13633 17333 44271 37195 69690 67159
78371 72582 70311 14376 39515 73932 32940 34030 30686 23246 75742 769 66541 50217 81210
79299 68297 61549 64339 27172 22577 66873 61861 67958 53265 14353 35024 37571 13135 41711
1044 99047 13625 68528 88002 47317 15134 83423 70315 68615 5925 82718 44457 89762 28416
93335 29520 80575 69125 68678 63331 43957 32952 98675 62067 6558 69622 27607 48595 69376
2749 64707 80359 23633 32285 38772 90584 80533 38895 89398 32931 97993 10977 37291 95664
56482 2915 83076 4173 72361 84721 62405 75596 26378 19316 17088 11773 1403 43048 65664
30900 13440 90062 79945 99815 61582 15708 45324 77339 64513 44170 81403 17040 19298 47202
3973 85170 92206 70731 72589 45874 93235 17435 76258 53918 98437 45613 32518 30069 26350
31518 77403 44478 29992 33549 91137 78009 43188 76811 2461 47754 74673 61045 6096 78089
45440 31026 34475 24687 18721 75357 6885 40259 74114 8780 99989 37416 60492 31496 28505
36974 55684 71683 97424 6070 64818 10466 77956 57493 722 57167 30352 80902 24620 31978
13420 9545 202 76023 55055 51033 7979 42373 78021 23277 83714 6860 73970 8659 22580
67501 94508 53227 94572 1849 76206 25113 75819 22367 95129 16235 85654 44153 11318 63018
27288 48204 78446 38177 97505 82600 60269 86999 3015 42170 75273 23752 25096 96930 10733
9202 2878 42533 55647 22008 5122 82643 53637 31340 85527 3398 53762 28705 53214 58390
38235 2100 42929 71661 51808 65182 76766 44131 62331 58063 97400 512 24315 92819 88039
69867 69967 6852 78034 60313 25900 35660 41554 88730 1615 75585 16552 45075 71424 74467
30109 93789 57217 96142 73925 69392 81219 91055 73653 73417 49147 67882 88836 6954 83020
5461 95714 45969 23203 88833 78710 17396 35446 56569 5518 94268 66139 94239 40534 40671
84186 70733 49008 64351 98684 24898 53713 14083 62387 27760 10442 61843 24901 82617 51893
96818 40771 78913 97069 90468 21824 59501 21393 62919 60759 83814 2829 50354 17765 24414
25463 39029 82908 99310 96508 46796 69679 27490 65708 72321 66174 30216 79464 40033 8876
28858 79587 28431 73428 23571 2455 2247 31555 45407 45389 14213 517 18854 37477 49896
32065 9142 24502 35211 97542 24471 92334 10392 22006 80191 37400 48827 76953 58733 3968
91560 92090 49253 26535 12481 55588 66388 92036 82212 95999 9005 48664 34836 98952 35991
60066 42598 28655 58975 89176 50430 25153 26409 62268 9496 204 12061 8949 96211 37273
48044 84761 76773 63999 7343 73605 36363 79820 36922 80325 99850 77397 55275 55861 97952
81909 17569 55606 19310 28986 94967 57715 79677 73824 29142 19311 52644 11099 30255 19182
62621 47764 104941 97928 58683 136363 122992 109980 188327 78766 44725 95499 123912 168675 103760
48504 79137 5788 3184 87076 85150 96473 80802 84962 61237 85314 67926 48131 41456 94605
65779 25655 86867 19508 79984 1369 43808 23397 55987 43502 17395 66328 69228 75922 85710
88133 71093 10295 31365 91691 53244 72062 17518 45693 16320 28445 60812 73692 45152 16780
23176 7333 8249 64992 37807 46253 31434 83048 49569 79095 66350 34282 56506 59637 7935
42319 2597 50404 78259 64073 75060 50226 70679 30147 7564 20926 33241 91928 1207 65743
37021 37158 65802 57650 7458 21689 27515 51536 29546 1418 27605 87942 85041 75154 52824
70122 98226 48611 63172 51736 63952 95917 71229 36882 87534 63237 15975 5872 20927 79751
18840 24497 25222 58025 99380 98143 80148 36744 31860 89325 87581 23827 13867 79099 35033
98327 51355 12987 34532 87032 23343 18261 63638 57089 16644 2212 32865 97601 93183 52250
98334 54982 29126 91444 71987 71305 29652 15836 63199 18605 27710 51115 67407 18327 76832
52968 68141 63446 68764 72750 85186 53335 65903 21539 76373 49047 98731 76804 44986 2916
9933 71335 34765 99460 88852 37677 59682 89837 36884 4834 61376 74998 25699 69141 70923
8308 63302 21359 33088 40169 51055 65545 75524 49358 36059 89705 94522 68073 48180 49207
29192 68714 28344 84742 79097 33798 91198 11795 70189 74128 13074 46242 18050 14624 15845
97265 77787 79744 99715 92747 6780 90225 40671 47619 33885 97618 30389 77713 51381 38517
92903 91110 91104 74995 18593 5235 57551 65426 47369 17003 61444 68202 38850 62957 35146
54726 58665 13093 8169 95896 29266 28829 49004 62391 43666 98475 23969 77756 44232 70492
17107 37328 89576 49759 90316 29880 7741 91492 46915 90535 74207 73835 11614 72001 3752
95112 86160 41022 51816 76453 82535 35074 42656 75556 81259 34816 8531 80826 32302 4961
22998 10320 77316 86619 60859 19589 64020 82041 54871 10881 8031 11584 77349 77990 636
77499 22932 77704 31563 34693 64962 5440 28320 22904 32641 83789 95450 60740 97782 34770
80094 94187 73612 60947 7180 23801 68376 18165 1155 26994 55271 29016 13286 31304 87638
50044 3422 26689 3204 17696 43979 57764 62477 48282 17006 99052 67200 81952 58788 79793
22747 36901 45770 7272 56590 58286 14560 28929 19858 37026 45279 38337 6658 72970 78387
50919 24 82156 31794 74691 76141 2597 28838 81801 93175 17078 79586 70123 96858 40207
24555 22395 99856 16415 67948 75586 53388 37545 56537 11504 69369 39999 32969 8295 1922
77898 50006 53055 75800 40748 47449 13644 36523 57604 23281 14176 76502 99598 75474 67756
33623 85250 32792 49237 14810 38845 54846 47722 9776 38913 31391 30866 55190 82760 94417
86499 74751 31613 18023 23659 59599 52177 46430 80033 78218 6029 84844 9459 41385 76876
4314 41209 15310 5880 3830 35884 29562 47006 80050 52727 98795 48765 72328 17644 85460
38331 22096 51139 54840 662 56183 54121 16796 13232 1148 62294 93862 37759 46896 33922
35978 81393 58228 13626 6184 66759 60458 68154 76999 25312 25749 44194 45924 98184 4868
92917 51956 23734 16926 19053 2439 52601 92970 36586 90869 80898 30391 56660 28846 42259
72918 24861 19367 18252 14164 77178 24593 59666 39909 61166 83349 82724 44892 27206 37832
55045 44807 84791 23763 30939 79899 57956 7507 67585 52817 16260 72755 5959 77125 39040
41564 35067 61572 45724 99178 17522 32371 91446 16915 10018 29856 5525 10329 12851 95192
96344 90413 41600 49029 60824 35265 22977 58441 31819 62559 47608 81950 79300 40779 63986
23280 27673 46335 38353 51247 53564 82115 51177 86232 76944 27181 7704 91236 72521 86572
19374 76015 63050 44496 95810 12878 79062 34482 72063 73280 15542 49567 24931 99814 36477
8629 38834 97310 90305 55454 77106 77667 91244 17118 79248 22847 19732 97520 19247 78366
8523 73634 72590 57833 74642 61949 15521 87289 22374 81542 11538 86666 58310 1636 35629
43699 67821 43658 80224 94926 31742 72638 67991 14902 18325 12072 5794 59189 34294 15214
19820 37776 30672 18191 89694 10771 32567 78783 31363 9748 44904 50291 97355 20591 16902
26234 57682 37312 39475 78692 93614 9299 65619 19305 38935 52605 30120 6110 59842 35238
29948 97000 62853 70007 55034 10378 74340 51999 44211 97760 14237 58339 62419 6642 37241
16582 60792 5001 19797 6995 96241 16277 94013 52980 31545 65270 51984 64824 64749 3207
42055 39803 24164 68842 78665 29214 12045 26332 79964 16375 46890 98578 94147 61123 65240
53 23479 11149 79944 74839 4485 6773 20180 28705 16539 99364 12322 61094 38070 73100
72895 25171 11322 56988 99358 63633 81681 66994 99893 49813 54649 72312 19406 72353 52004
94603 16048 91478 23864 16666 11891 28527 40663 93144 11601 58776 34643 6186 39548 38384
12410 93886 24697 16120 43145 17024 69593 1099 77583 63793 73269 38369 92258 51894 82720
511 30916 16058 82117 28539 391 77358 68910 92567 38479 53871 5313 9083 64166 92774
86081 19241 60775 34680 33969 89828 25538 60262 8547 13140 16057 15506 86723 36149 30033
16264 69025 65353 54000 6560 47903 93665 11578 77544 52562 49932 93389 90069 45797 93397
29311 82221 60587 63891 86607 16109 10018 76111 26073 84063 47386 53787 78558 28520 33421
59408 84165 92749 72022 67429 19126 12633 93108 80526 28721 29874 8323 55515 41258 42036
22948 80303 33380 782 59274 29218 82992 86864 15520 63011 39558 88885 68609 12181 25375
65080 70226 75421 60484 8557 8588 67200 4535 69658 49881 70361 46534 7196 58225 55803
37601 41982 26944 77531 95158 23651 60158 83818 97685 71872 3022 52123 28432 1689 86427
20828 47447 20117 25310 58882 43575 81611 7078 56421 74132 64695 52455 81290 49195 59069
27096 92941 47244 23749 7746 2441 29332 50958 64882 78560 61032 46378 79208 2941 83830
52740 76282 99526 78668 31885 25332 71373 80382 84583 2693 67649 34349 27167 65048 17819
86526 61179 61195 35835 94532 44027 56803 76598 9503 84704 75063 64183 13451 60454 9803
69407 74253 42209 6882 33511 51347 67314 88471 57650 75930 47202 98648 43429 28396 40161
64895 93225 24871 54145 54650 99296 31852 7034 52983 12018 16016 77811 67653 1474 93704
84323 43056 45344 42003 91486 8045 73255 47719 50183 41322 41646 98939 88495 3653 64339
36569 98080 8613 8819 57075 49260 16394 20796 91438 85283 98503 95873 45811 73350 5954
59413 35416 2742 31945 34062 97607 1004 34045 70686 72624 56779 98088 72720 56243 99813
19497 71121 74013 5426 37968 37866 58633 44195 83264 74853 1418 61474 28511 66664 17860
50411 45758 57147 17753 94120 23157 36422 23900 32551 23844 71854 58078 13097 8168 68540
85390 32780 61951 33743 766 16722 68125 54060 54747 67058 54601 3797 37919 4780 8710
92240 57544 98806 14314 98613 79543 38701 19310 50452 99032 81516 20633 58414 48826 28167
6203 57764 46869 469 63977 8313 35258 35738 19231 44851 32319 77626 51115 27639 51249
56515 25770 92476 58291 63927 18074 56845 39665 31336 89691 8221 18218 85032 68261 63559
5140 60694 75217 83217 84288 41455 24850 65850 50520 12004 75521 39445 35763 15086 98976
54170 63205 87827 31888 53932 41874 57953 46336 93746 639 96767 24922 47666 38916 12614
8408 72076 40634 40314 31711 8295 65142 94374 46723 64421 58886 65234 47522 8032 74172
16711 62475 99425 6781 96332 60943 51989 68889 42721 31771 26858 51769 62628 35329 65071
11545 20432 78449 92529 82168 13807 4348 93098 30656 77033 79858 95685 60820 73635 61433
57900 84553 56013 23231 41159 71590 26361 88366 88127 20689 41652 19858 90459 73677 63085
13662 26710 86425 80686 58277 44559 47444 2791 40083 48921 81324 89075 63200 83715 9140
32425 98472 52504 24041 67098 6081 56555 32946 52415 97543 11669 67995 45960 5299 72345
11314 42161 17950 64122 60445 73806 85935 75202 42309 95543 31406 16694 3506 24216 4446
69393 20350 35822 41405 16596 95438 11993 15588 20328 41767 64773 40322 74818 99242 74315
49398 71794 37211 6945 8874 68329 60266 53421 3143 41339 86720 44691 61068 16964 62212
22818 60225 96285 68321 83422 42028 13142 54860 45322 16823 38893 96574 85212 97510 40533
25914 70857 81630 6660 90556 25673 11354 74787 4314 29273 26143 36252 43851 88394 71551
29001 55245 76112 41815 50163 17654 45021 95458 71068 29626 99486 72060 77506 86166 23618
93466 28591 42436 83455 51318 90438 78820 77372 18392 11666 47738 183 17972 33800 98969
42088 73898 87274 58114 33200 53297 36895 48620 20263 37003 60488 49382 58506 14444 15077
77119 52328 88769 41337 16168 70492 61943 49672 68360 52062 82745 13275 5967 45804 36595
1700 12406 29603 8777 74099 53329 50766 11352 34814 63478 94301 557 5521 44211 93552
2043 63577 5032 24092 84325 72720 40007 65079 32405 95232 44124 89796 61328 70366 95524
91910 95493 4460 76755 2917 35892 14998 23182 44595 20905 55683 74620 62113 37404 74926
69394 76818 13092 90453 90180 42829 65159 23327 99924 47406 71016 51654 29169 28608 22591
74945 68192 73157 35865 90673 36660 94574 3257 81570 95633 62188 91425 60037 54281 35084
49031 31313 55577 82489 62025 41919 55367 32705 54756 48119 64689 67636 33823 10155 96272
17149 37869 23238 58237 11714 2347 23279 46879 1337 68753 80261 1768 5862 70361 88552
46303 29065 40409 57086 89734 37232 22833 22770 57475 45229 53723 81541 25622 22712 90245
31905 44115 6815 63950 37783 53340 15682 7109 94987 89615 87889 82193 40292 81585 50129
86881 6120 18249 57946 91744 15993 34522 61982 64869 65695 32538 81008 35651 56375 62296
46049 58665 34195 24876 39218 73702 18067 2120 70081 88920 42969 91023 18058 47820 22462
66995 87544 96009 43990 43390 24254 56020 10406 74254 90869 47492 670 56509 49904 58780
38181 36400 64352 11213 85773 46142 29085 92249 47740 37689 18772 78320 95807 51155 24550
22554 74494 60431 74377 75239 37344 30476 56534 70614 21565 92771 25187 67215 43647 20345
33633 26991 3057 31010 95809 6503 54 23442 26653 35671 1485 76459 69805 22443 68512
11122 76526 51142 4515 82119 15795 24415 11016 88433 10720 63489 29148 23024 32911 75560
57801 62881 62149 62442 76731 37354 15351 37226 6611 47986 32033 40041 62578 10332 99232
11307 8379 93201 13795 51658 45460 56283 26317 35633 83869 55990 17950 30799 71375 79272
67609 52458 7156 99413 18381 88050 86519 80203 24284 32601 28944 17466 80139 1179 12126
16940 2080 85572 96350 76080 14368 89884 70681 76180 65258 76228 11583 9511 93706 48567
87906 68092 36785 5997 16283 17166 13518 97724 72728 14915 61096 47683 62806 60084 3063
76446 63395 97102 4495 17216 2436 37981 45246 49407 34765 88544 66093 72023 43145 58504
5572 2837 28753 45629 44417 11806 84794 97290 95994 13802 54292 5607 49172 22351 9714
37245 84619 8672 14836 33903 59335 7927 56008 17427 31820 6642 85141 81304 90115 72210
50645 74373 35943 14224 49651 64197 36996 38952 59707 35597 39550 52677 48126 88129 99351
89 15698 53524 41334 52624 65158 56854 84545 58556 7112 26591 78819 32183 89827 85848
22363 99187 67887 68219 11555 13168 25284 32775 71271 6317 29530 17716 44886 87951 46899
76150 74022 48394 71275 95061 64026 18150 32084 5723 79520 68092 3429 460 24516 14201
25609 39877 96365 33094 91045 46457 79596 88223 92792 88836 80061 55126 66483 23186 63308
90737 67207 43057 9435 84940 65238 7653 51749 97008 14889 47228 58926 76771 4700 56056
62420 94660 26674 29657 19405 77846 72248 73305 31180 60969 97349 74685 33383 14714 40703
94573 30785 35632 415 67524 76955 97440 9503 63377 17214 59150 51121 65347 72561 58247
78906 63852 40574 58895 20144 291 32980 68527 30086 99988 69923 84589 13628 47942 69755
63155 57532 22494 7135 2501 80676 85532 22483 37835 98517 57637 46301 8375 8929 86514
61744 5309 89629 95440 3555 53178 59865 77907 61804 78484 95551 57522 49336 35194 13131
89276 58673 4336 89682 13813 6782 79485 17775 25381 37906 65389 66197 51138 32057 80003
87861 89883 66665 98218 30240 50443 17322 74060 44598 68070 99330 1090 8036 82305 36664
80538 2026 93003 19598 75562 68708 28851 22042 45755 2260 25107 57493 7819 76837 84236
86143 40162 88630 24416 51467 41131 52281 51748 14099 93445 10816 55560 58753 28520 1079
17243 94831 61628 76187 64641 65918 59052 97419 78770 76597 29890 33666 96307 17274 51087
24019 50432 81030 31606 93405 57281 22831 92618 52991 81517 86986 51503 60173 18218 26697
33638 9866 91000 80376 33854 20520 42220 62913 33720 62295 45301 97325 45808 53291 95932
31014 50218 85254 64241 57141 66733 20333 51660 59062 7770 62633 83872 5840 44129 99401
45848 20465 927 17674 28 1108 97715 17863 6330 62592 10826 95422 62545 65423 80650
30236 25321 26567 50823 92383 81409 81783 39069 57217 29404 37281 54235 1570 81157 99
11234 82357 90861 2681 14729 58292 59186 29732 86872 57056 83069 12128 12110 79008 61163
89729 76633 44126 36673 71143 35871 44825 29894 25694 68967 57447 72138 27769 53034 91257
68231 77571 58634 74724 57971 36834 87303 87161 26422 73539 74326 18349 13000 24252 754
76199 48507 23137 33637 35311 75047 60369 99172 21438 70347 48928 64552 3711 61446 916
18055 72956 78911 39832 89180 45737 8972 86849 79629 61333 24452 93105 74244 45003 8091
17562 11761 80179 5326 40146 90744 60944 65756 84071 46089 14605 91796 72544 59223 25608
67296 96522 30791 62834 21132 74120 16951 56918 7375 27034 79888 61389 11275 88941 19359
66579 7543 93977 38470 28340 28218 11039 14788 99298 7965 24829 59849 56723 44434 40785
6568 95082 42814 12440 75212 26940 26649 60761 37676 28546 85563 94686 10935 29097 19634
46202 22834 53270 8748 89120 40144 52750 30673 11705 17693 13437 23067 12198 43314 27680
83806 78422 38803 27483 65826 96274 94269 67716 86884 75310 90630 55259 55068 91643 29204
18276 68857 4433 40407 64530 73822 2724 39260 34346 75988 98340 53478 18375 85945 97805
97875 89077 62853 40964 60361 39334 46146 7578 2484 44427 24141 53666 39924 8499 14172
72863 80872 87066 156490 41965 99686 97496 85954 79105 118072 146951 60498 51436 70923 184141
15434 73527 31267 62752 22111 35462 23271 36220 52691 37007 42291 51865 68848 35282 34612
25359 91122 36443 89420 8861 52170 10674 49401 38156 28418 76127 64644 91717 72432 49110
66678 33453 82759 7968 82164 27093 68581 67746 82471 2169 38611 35262 80267 50186 13857
81366 50198 58567 61733 66625 55267 86153 27121 88855 35566 53723 22993 15300 33303 31624
1281 37980 4790 8866 4043 3011 16643 14028 61528 40869 15810 16760 30065 23006 40071
17846 42793 69455 45763 42837 93833 21858 32001 68842 1450 9238 80281 25946 96632 27847
84084 93611 40743 36195 59708 11503 1646 47589 8938 30688 44112 79209 53639 11158 10448
59401 29903 95965 54055 6165 70481 88566 87876 4575 40766 62272 83266 89300 77454 99523
65487 92418 84852 20425 30539 36372 27584 86397 17809 55094 63475 95477 31023 15897 174
87375 88569 24939 14524 50176 94735 62351 99960 24232 78913 86873 4482 72715 56411 13625
26906 61534 57321 42145 37123 62003 16828 56812 39256 18397 18432 68668 16716 96735 34373
29326 35461 42848 72051 60483 37215 31445 70753 57947 44473 84504 43269 5823 64717 52243
9005 75745 29007 64326 83024 50850 76007 91374 7279 29760 47406 35495 61699 90387 73258
51196 84980 54531 45144 11262 92122 11606 89638 22644 88142 11692 58675 32760 47642 4172
6121 27904 34231 76370 25398 11364 35724 6258 2000 5002 90580 36188 79761 35493 91558
7388 8265 17416 10711 85668 79644 24578 31711 20019 12917 82314 23268 57033 93902 10258
80900 40311 39214 2266 3688 72947 98207 1193 16044 28144 2968 3454 95217 98641 58642
23555 30155 21217 41348 95210 29345 38588 16043 88143 60814 95565 23408 49625 23549 47118
96190 84566 75162 85399 38870 80678 1054 47531 8156 85343 61214 77340 87341 36371 5226
34806 93215 92017 60318 43400 55467 55435 29171 9878 94772 41543 72112 57247 60184 46412
35591 41925 80443 34446 60321 97685 20118 72209 89212 77479 54280 32578 1587 10531 39457
15965 54224 12556 79532 96096 14888 6401 83980 88988 76669 62960 48300 65944 83611 21176
37946 15563 5935 61368 31392 60422 41543 27197 29442 18958 17982 66345 63443 76977 81938
82467 85954 2833 44429 11683 60816 60600 98308 3881 53395 15913 17957 14412 3378 44511
31893 32394 61455 85425 23049 16135 19244 4103 14866 26960 18725 64739 83550 57078 77704
29001 47794 66429 76258 26885 76907 73724 17041 30283 96715 46919 4401 79659 75492 28744
58171 3165 96275 58299 96100 29038 88868 67229 24238 61695 75049 48856 2329 32307 49059
97200 75391 67062 93058 16807 10246 71426 5887 85860 20603 94166 53382 92494 65322 14532
99270 15052 32631 26846 26280 83366 42777 73350 67043 8496 22717 66568 42931 90431 20272
51255 88316 97690 54414 7057 48072 29941 94279 97183 41501 77958 99020 90149 6172 34348
9907 32609 93049 95342 62652 44831 46942 5985 16165 84414 68525 71813 67504 39292 37658
19838 55538 61581 19054 36184 47604 56144 51297 86179 21347 99597 93345 80304 65164 9940
5529 56062 63660 5729 38871 53155 22132 86060 31765 8414 45193 20910 53669 81338 5142
86927 16452 40876 63433 61144 66312 20107 50636 58218 8387 93768 89738 78815 86680 49938
33442 50120 23584 54016 13468 93519 36383 61921 17347 70505 30143 27983 33908 46956 68310
64410 30240 10058 81529 29343 38070 14675 82593 45601 27877 90376 84086 58594 75345 90380
73738 5052 59761 8544 51906 11902 86936 67002 41770 74514 63958 8285 88931 18211 38871
79153 81206 97417 33786 9514 98797 3291 77723 4775 41044 54506 72255 50739 58787 95512
63052 73469 45383 78857 94331 2728 75007 31075 70804 63323 69216 18844 6845 94142 1502
96763 146559 98340 66579 88866 175707 99522 96661 109287 115180 79231 78349 66218 45683 89245
28280 73045 28388 68445 4035 82805 14945 68316 19446 48373 28773 41399 2548 22823 7182
14685 88054 92004 98715 90872 10928 73395 89204 88353 30656 2363 36432 4789 51806 96101
93410 29356 51444 41357 85137 25837 14647 64041 90388 30190 2795 97461 83865 58874 21497
61488 52787 27539 69179 39287 6478 47696 20942 50083 22750 58161 63037 88718 11755 36463
16300 73364 53945 6423 56257 66762 76709 28565 23576 24076 19634 84839 45311 10265 63911
43394 8241 50872 55256 83241 84264 31578 69710 77847 24131 46656 13442 96397 55908 97302
95250 71888 22783 8492 76225 31841 38489 52364 53133 93526 49184 72305 48177 15094 40368
91637 817 6822 5197 57145 28473 45130 22589 46181 15286 77215 71961 40659 63432 40633
80808 35603 27169 99864 68316 45887 2216 56411 84030 40361 27518 48323 55337 7428 81132
12443 12515 28340 83567 10843 60017 60896 13555 51966 29480 68977 7286 16890 94960 99716
85104 92178 57349 80683 85709 96002 27848 46656 58446 57859 28306 78335 37563 85761 81339
84345 38441 14854 78123 22431 40790 27153 69691 88407 74837 70309 81149 45693 91440 48165
6876 58017 5864 89036 1208 82920 91312 69543 22550 97194 20057 28082 12748 65470 56424
80755 79742 93672 9995 43947 66108 57501 28506 6368 6506 72568 85496 38070 90575 48334
78837 50067 86196 41660 36751 13582 93540 62933 59453 97114 95186 7575 59228 59262 1663
17857 26643 94640 32017 40566 83130 6996 14704 55565 31378 44764 28731 7309 80708 44022
64236 77146 76340 79339 2330 93492 71813 34865 33208 81504 93202 47814 11761 33334 552
79657 74649 62632 48320 96459 87163 4280 70213 38169 55023 53018 49904 48024 57242 24107
50721 79261 65228 98505 11917 21653 89642 14915 29523 50606 91970 33266 34873 1644 30649
77068 49236 66565 85379 27841 25365 52076 73670 97867 6541 67944 69348 93281 24057 58981
57734 75486 36797 46831 33306 3563 20637 22286 82379 69624 31631 14819 30094 98226 92641
61438 14547 4190 56546 61044 70573 97716 69152 14765 27534 26605 45177 38784 64515 46513
15354 45062 75067 70038 36638 91777 7148 28713 41371 15410 45943 46644 32028 78844 29109
12045 87484 10389 86245 83349 25115 21953 30313 29593 6987 8062 59298 61807 20941 51359
54375 59645 54602 9332 6194 73684 10037 70648 88897 83622 15300 77761 14479 52256 83301
1935 77166 2848 19474 6467 97821 7437 34906 35030 43817 62218 18833 46011 76783 14696
52209 36410 79744 67506 39309 3319 17620 6486 84263 23560 25355 68431 74615 91933 41236
94642 70391 36553 27349 54658 64113 66220 73999 72982 55497 14878 5236 13893 49162 93086
12766 53617 77476 13234 93880 55767 73095 28485 9324 24693 9143 13276 28984 36603 62163
76170 76257 85020 97470 83519 94367 45094 42578 92120 84541 17585 31922 13843 64377 55673
15756 50233 31342 328 50448 93499 63874 60212 34638 81761 94748 90096 89305 55320 61005
43131 92491 61961 87207 13201 77265 69693 50444 23586 82469 13159 96632 11280 89454 52501
30519 53823 17761 77125 88109 9517 3677 49390 99838 39015 24584 33504 8212 7029 40587
55961 79249 67992 66087 72491 2587 6514 80391 91868 90426 44885 72964 44202 34814 4810
24120 22031 84274 87446 9151 14200 493 33437 49455 93201 22277 84890 71033 98861 9022
8508 89731 37780 73117 38064 9422 26268 32096 48246 6703 67818 10223 13494 45563 42807
28093 67555 90762 85916 37451 70374 21298 25571 85515 16991 28453 242 31542 27356 29313
96679 66057 71185 50123 36718 35196 73051 21781 41993 75424 87121 60180 33530 80314 61959
28600 61646 74355 82230 2320 43308 82119 86200 12036 32165 45359 35619 81064 77545 33162
23880 66015 91814 27711 44309 64156 5026 78670 54329 84411 5145 65823 70541 28178 83154
98539 54247 66025 45828 20233 2800 31344 70849 86957 87012 51358 50858 65708 13901 60273
33516 96601 9340 92362 51660 34527 79804 39866 33312 57268 36314 98562 7234 71444 8624
2019 22273 87700 48782 69284 15664 76406 29067 80708 52985 45221 72400 78153 99119 88186
72176 85647 9718 23799 85341 23439 86429 73210 21593 56313 91597 69481 33870 86698 91976
51919 34165 62719 86900 84545 9258 38200 99932 4694 46677 80697 46344 20508 23753 71166
89927 8267 65008 14257 13063 63076 19536 55886 74521 16381 90943 68452 92949 71323 37088
50672 60580 83758 52917 2292 72272 71740 34915 87473 60255 36806 83142 46320 994 56453
51796 11466 57479 50310 10529 27919 30147 96535 95088 69697 43679 45006 46082 66195 70580
37735 55473 95181 2984 27002 83870 3060 8517 76735 35109 25340 98440 99372 64997 94512
73507 15940 55713 74697 23144 51216 44046 77136 92761 83937 19685 79912 88136 44496 92426
96230 79742 39419 66035 67598 70714 96867 2615 92301 29297 33622 98814 91378 65322 13768
74058 56765 49438 81172 92080 35091 66062 52534 74777 16386 82878 55740 64516 60371 347
34557 56280 4731 64158 39133 50162 7970 63212 97263 34911 59433 54950 63920 79488 95494
62381 22452 16447 61783 66431 408 2744 32147 84091 62216 71858 17760 86222 35258 87219
69183 49930 58970 69943 96585 63325 65197 83076 98585 53407 59378 69298 43347 86602 49057
59824 86535 75635 28417 77090 33425 21392 65601 88082 10625 90685 47116 28812 20020 39784
28878 77707 87525 6917 74037 12094 52221 36902 41647 93135 44015 56479 89075 42936 91206
86463 28729 59606 8726 67424 19684 14852 7676 4269 6695 84429 4338 84962 92164 23298
123680 84555 107138 119099 125252 117657 17747 97673 96906 70096 112951 138154 43671 120838 48764
27231 46303 49276 49829 90287 88502 37517 15211 17660 83324 64876 73444 30551 85770 45727
44651 71309 29153 40407 39382 51987 80602 42033 30590 15303 61411 5118 63738 82887 70260
98050 35037 80568 75730 61884 3980 88597 58185 61453 72106 90029 3939 66698 43770 68817
41052 41494 40210 3063 95932 2338 96601 73306 89771 65780 68 27141 72154 48302 70084
93956 66563 83244 91995 91602 22791 83284 67307 97759 75718 51065 70248 8866 44500 97030
42859 85288 52175 31771 58028 67606 537 39241 8780 52824 24203 2075 99179 88105 84524
55085 51646 64570 569 86918 69791 4701 27018 4310 66782 47796 29764 35469 24038 78665
17522 29577 43971 87005 22734 73102 99830 31115 5951 87784 91575 17737 26800 1530 67594
62344 66090 52592 51306 88145 66770 55628 71331 37414 43097 44024 61463 6519 59840 90176
63640 104823 7577 89634 102591 99311 41488 145815 109651 119815 81509 13813 119646 103184 102495
6306 42271 28322 98986 64573 29217 28214 10711 26318 79656 75010 44053 934 69803 16773
16852 61040 31518 10251 47014 76016 55435 59472 44435 3962 11342 84599 73287 4090 47964
31978 65460 53650 9018 31686 49939 90041 91118 35072 29310 33545 73313 89072 8708 50584
43911 72097 87571 3507 96824 61835 54978 2462 34869 27056 30813 60189 18331 76706 46615
68704 25133 40913 98199 60260 28322 43780 6920 99244 16175 81582 42341 142 75140 11735
31978 8917 55971 92893 53651 59672 62406 23632 72073 94763 60886 47638 91821 31117 18158
30447 17359 29883 76549 74829 26619 80101 25142 58485 61468 6978 44066 2641 43873 50208
22561 38463 10705 99024 8117 50776 90385 62719 42456 61664 61623 41917 42538 30027 31813
7509 60603 97383 17089 91390 96368 17140 19196 59187 41873 15972 93236 3873 21178 38222
34475 22700 68354 7409 27971 59429 86049 22652 86503 57653 97653 45235 4258 56229 62565
57242 52553 34405 86170 1544 1323 50977 88357 47256 528 40752 14213 42594 8596 52155
54053 102852 62313 126511 97213 53572 70503 160316 69281 90871 62142 84878 158477 56898 104617
40874 23618 20706 59352 12996 4523 45885 26000 91818 73379 94943 49234 81434 94540 41598
23359 10766 54640 93617 77012 29409 38625 58859 32394 26230 54344 32568 59268 94174 24973
77374 55911 5964 90598 95922 74788 41587 15208 78313 34153 28300 34895 343 94512 42708
98347 68253 55877 23901 25538 67640 89421 68937 98761 30906 1448 96485 17717 91464 15293
15491 1659 61074 55638 56995 7997 53712 53917 71156 93680 97730 28157 85506 85629 30912
58058 77729 6045 58937 52850 89315 5735 8611 30850 88613 5731 95559 69030 26091 4565
91283 29197 9475 13322 16701 13198 27684 66751 19480 64482 66395 62405 27834 58702 81444
75153 39629 97276 64080 36095 3885 98159 99532 46676 78267 18599 1928 6038 40941 63182
20743 20457 58830 20342 73447 29952 60957 71494 90392 94664 43768 22601 34690 82522 88229
19624 83278 46581 58306 33676 78548 94261 35666 40865 93384 50356 37514 28396 38184 12227
47445 9226 17547 96697 54401 64682 49779 38802 53773 54057 45279 90638 42755 67429 55530
94878 60141 59280 38256 91292 6256 25817 29756 88215 10441 20532 8304 6161 70802 70064
64349 50656 43567 1445 23248 16215 25013 32143 23377 18868 91788 82171 62368 96859 85455
31226 3551 44725 60673 46071 8349 14349 62981 86395 57618 68037 81059 27130 48849 43973
38421 58390 4792 47835 63497 51575 39247 14437 16575 61456 86180 21913 780 7605 28838
25941 47878 4619 16481 31759 44056 6025 50901 69177 12489 82051 60034 30176 5981 3566
27406 60052 40367 24789 95995 25230 19023 49250 9240 94315 50630 6257 92790 63131 25421
88101 146029 63064 167104 152110 137562 50054 110276 72120 120263 24284 99150 108969 174319 53381
79636 87430 46675 8135 59671 73974 2359 84421 12501 31175 51946 91276 33570 97410 6879
10327 57016 1570 3352 71873 95046 74902 94248 83430 90669 44736 46856 9567 690 3516
43125 83946 63542 30690 92132 20320 35790 16537 29709 58984 28108 64366 29231 51204 41065
64203 24970 66819 49514 58514 47713 33528 12191 94640 8089 54036 14785 74659 76364 30244
79853 17203 50313 62538 58757 20728 17604 57838 76548 12718 80170 57512 48766 11011 79600
40705 46212 59162 55640 38158 31380 76038 38751 54699 29164 23976 40761 42334 37243 49567
46128 47683 70849 89974 76388 9506 56504 5484 18340 41628 3199 6668 31064 15416 92407
90692 28186 40318 2280 90168 72411 99388 17675 17777 26973 5670 50270 10692 18857 50701
20115 27831 77049 22659 59628 55512 59615 71168 38084 99286 58765 24166 49009 77194 40050
80453 8428 11846 94428 22167 44967 1537 94511 90023 59870 46352 93074 92828 56190 21444
56681 70702 7780 72208 11672 7520 8887 2676 28167 82159 49326 57769 30740 64499 11382
65994 48775 71808 69145 39833 94274 24271 53501 9849 42590 20584 45812 9505 7579 38481
51223 2547 79930 38161 87525 81216 73667 23605 65830 27128 87715 35505 31524 48283 26111
79304 10328 28763 29718 3908 79887 21065 57429 26979 27038 92897 90643 58140 48532 36374
69701 43468 9246 97830 26830 88896 12342 65057 87535 9231 39296 25098 56028 56139 91212
98217 52088 68013 73346 72122 77346 66486 63117 33291 91793 67095 82071 33584 10045 3697
2283 88253 39337 80541 32827 57594 27928 34866 46590 9471 15736 69114 31155 11449 3611
52138 42876 67564 13385 77205 41007 19923 69887 37913 56996 90829 80315 9132 6285 11617
4479 28165 31767 2767 37370 39912 63597 48089 83867 46716 98332 57862 83173 18168 99554
87798 42243 84076 8812 49690 77966 54133 83636 74242 47811 87094 79373 67157 43530 59234
48379 26119 77329 64992 15597 87077 51 27366 67466 53499 4116 71454 93812 13980 74574
25882 15757 49947 61616 19362 69050 76639 68584 33280 12052 8288 27575 81875 59199 44237
57397 70379 2759 28175 26539 75647 58769 50285 74165 89894 86689 74374 83617 41365 87770
99564 44701 39370 22093 4772 47074 93997 86457 79055 40346 47242 90649 33991 37163 85098
9679 95175 58135 56927 4869 11789 7032 75887 98548 66340 41970 2322 34202 97148 7319
63317 88666 6862 39858 36900 42256 34711 4833 86160 82098 18633 39721 11430 72970 72754
13973 67031 15144 69257 1412 24395 74224 69349 67024 11898 34763 54875 72916 47343 9310
27933 32071 49130 71740 89836 41720 9676 81889 37153 55131 73429 9162 89727 18534 22482
49143 17189 14786 49848 51112 91573 75488 18605 94232 7303 95902 56300 92683 44505 15041
97144 66186 43031 69154 27919 46703 95869 58521 33089 95449 28000 72025 40054 32542 38653
59039 2968 93981 96381 75547 6946 3959 51107 82722 20876 69993 30361 64893 89103 93100
37867 51247 96570 81732 46460 79790 46475 46652 21601 43517 89922 76007 89052 16280 41362
51460 64808 16096 84205 95384 52369 49141 38354 97057 10178 74989 11867 75307 98113 8235
74579 20055 44835 81492 3695 18794 86367 57859 6300 60619 56868 5785 34618 94975 68862
57257 82316 90368 92689 14090 94786 26454 21009 11775 28537 74492 95432 98264 84334 50094
40395 53072 1366 29360 64171 92838 73363 66396 57635 20794 49522 21035 14309 59068 59360
88864 94224 80211 72486 30135 30752 97189 91837 57392 86341 41896 67807 86417 84865 15265
8828 59863 12793 72345 92173 59531 86757 2844 21354 89994 70024 56666 27135 59588 32499
27158 38162 18221 78845 40991 53762 46463 25784 94076 5171 78175 1094 66579 56778 97976
98563 80604 8491 98022 48372 1072 44790 82795 95066 51975 51558 18310 98454 55740 33830
269 58947 84499 11630 12414 57549 77520 40648 21038 34521 21267 31081 11747 6148 8734
75788 51968 86456 42579 25506 61880 23016 59158 79986 28618 16039 1825 15874 37589 82367
38117 16747 14602 76610 96216 3920 84954 64029 49122 69521 8707 63788 24434 29186 52947
14246 18699 1746 36641 86622 84714 19500 78714 16362 85788 96448 2462 11645 18201 57509
32562 85954 38940 11280 17346 7749 43854 9235 48124 68296 16348 43661 14787 99466 28030
7870 83231 14146 67795 81673 82940 87258 71375 16041 28132 22899 39571 77795 5364 18483
70682 22357 66467 10573 86787 21577 86747 31226 54560 730 67367 26126 8559 37806 54430
79104 66998 2006 85019 34584 94348 59133 84176 30837 60582 88538 53132 58923 18345 89455
53796 14070 73091 62755 13917 44281 92710 96457 52203 43114 64495 73174 21027 62452 21954
75083 72775 8761 14362 92643 43832 31218 39574 80189 68091 51331 18591 44935 82217 43554
6545 89217 87054 80791 16054 78478 31998 94475 50177 92610 78622 7622 81058 9550 81794
73609 27772 60557 2441 44927 9939 64792 39926 17893 66235 94019 45914 94677 41886 36702
22729 24472 33276 35817 90317 25052 61422 34540 38033 8893 77714 85375 1896 3292 42473
50364 66543 73790 57472 70114 66070 75736 93215 57662 96626 84430 21425 34604 22009 14733
33745 53642 18998 13300 49065 68881 87089 35804 26877 58993 17599 98312 15091 90312 97895
56717 43755 75214 17576 9906 43485 32551 13457 98020 47797 17867 75126 95830 61544 41990
125525 86377 27893 91912 159075 89758 8114 119918 98568 150913 76766 105584 157212 123994 145551
83951 5989 1110 47320 87545 13389 43554 75491 6029 56981 50579 28005 89154 70305 28585
57565 82714 33384 18542 56443 93100 11103 2502 16784 24752 84602 36297 7452 99119 48981
6578 71161 72131 92883 28713 56924 83961 53793 79257 71222 62949 56296 90665 30102 77004
73541 22480 69594 13044 25427 55723 77724 89306 90508 58845 40409 30423 25331 44721 46777
40970 48031 25709 26065 97923 62344 72666 98512 40116 87708 6229 86131 59737 13411 2046
70003 36194 93892 72743 67251 46138 36713 88884 54274 3108 88032 27754 87621 8235 15688
93357 77119 6786 23691 82407 62861 37664 32332 26097 96049 45716 51151 11006 96149 99837
6417 78408 7966 37989 7353 6410 43762 49934 9642 41327 89464 56422 59266 80074 29601
32107 71772 15511 580 7007 7824 90563 1165 61081 83717 49428 10194 72732 14230 99017
3708 52183 34615 30263 68910 3417 67658 98605 7182 70641 28145 97998 68627 44196 60790
30899 80717 12352 52025 36058 15275 75433 44931 99132 90559 64743 15530 42711 51482 36842
20701 83843 46484 28985 42044 81684 27451 85977 29048 3608 37154 81917 62148 96118 54953
75091 98359 75663 54888 32733 24744 78398 16545 43561 31362 66223 29469 88648 91266 29409
71778 66525 39587 52759 18296 65658 24072 71692 23386 28882 89432 16301 17869 41701 88975
51056 20423 18825 56570 93804 86223 90099 65758 56349 88808 7632 514 41890 87739 21553
71600 60633 10051 76839 89478 65380 69542 34826 11896 84595 58413 51430 75618 75383 84202
26538 3742 66575 62348 29118 44575 2939 89783 50971 25414 35754 64086 28673 7046 58274
36279 52005 5371 73964 91197 30669 43937 39009 84301 82445 66975 27208 7326 25758 96513
52404 95987 36149 2818 82480 88304 63543 26059 94777 24947 89112 39986 64278 58228 24392
63653 2251 10646 56517 15423 38031 70872 637 80123 36397 20219 47601 62985 92292 9850
84086 24120 96992 30185 18727 46345 24078 33801 29932 6935 90963 75139 48073 78113 45406
24548 68310 98041 21022 82739 11336 7786 31714 8265 73280 91378 54763 65413 48130 30288
2756 81587 76523 69411 64686 34878 43686 27564 87568 66982 9030 19446 72220 99859 92112
52981 80748 78602 44114 79413 59433 6177 15345 58717 41654 83100 35472 3454 65262 43529
32515 90732 93449 82214 43426 61160 44709 66393 32972 81728 70497 49982 44124 14884 72170
43716 83016 13021 94077 23824 68103 80016 84058 72290 20698 91198 32586 91473 19881 38782
99754 87941 19727 60149 79752 60825 6384 83786 86352 17357 96383 10918 44141 63264 10890
56875 52612 97338 92602 81429 64435 88140 90557 48176 32712 89979 19780 31717 28272 94128
20081 8294 51362 51008 73258 88504 95937 1476 29374 98944 73907 19731 49443 17945 7801
11960 12008 71210 8313 32714 36523 10083 11796 80918 18517 81765 88824 58506 98247 46761
22362 38260 61118 78194 18463 10591 73247 31982 57920 56107 51129 71792 72166 50110 22198
19235 16882 47057 77693 84673 13881 53439 30936 39360 58098 21538 81528 96508 73689 66717
743 70695 57288 44425 65473 30523 69440 88046 22957 38342 28244 56036 23288 67699 72621
67494 9288 26984 73233 71535 34293 42388 62188 84279 21370 69463 93832 69546 61019 8637
65498 52496 32959 79021 32238 13812 91360 71993 26862 54509 23231 8705 35727 14675 89347
34750 85878 46787 6379 24524 42674 8606 98276 95126 37669 9782 98288 80777 11209 16901
75119 88937 59460 73732 83071 66095 79404 15087 52527 20409 78704 77439 29072 78368 61395
50446 82373 67634 85341 76493 17898 74179 20674 22602 75234 16246 72864 52828 86563 84497
24498 37818 52346 69943 72105 56404 16742 27497 58593 54162 44914 61386 54189 21975 19773
48687 73746 82446 14357 63755 70812 11839 49648 90349 41015 9515 65012 97019 38544 12799
57874 88690 81931 92866 13265 48631 82977 47150 67781 13648 60016 5324 26531 77597 43800
44053 62431 63303 28113 8761 32065 20972 4366 97157 28766 64094 21175 54984 12772 85870
14010 86763 82489 91007 37177 61835 65579 14126 75468 46362 74835 64170 64327 57217 36765
97660 72319 74218 37165 97791 81495 96665 37950 48690 41805 46296 35747 51912 43830 82060
83253 98091 13975 27775 5803 79916 23673 66084 85918 36081 98020 76462 27467 35032 74796
3500 25058 57180 83685 3012 87256 42908 53440 11190 24889 4668 67223 9329 24318 31667
43121 70394 73646 9200 35844 98461 65199 20206 26826 77136 49449 92889 41579 66605 24112
6083 58107 70097 98735 71952 20861 64856 76466 60382 86613 93295 70252 36178 92770 42061
15956 47282 46447 61238 55166 17189 26911 55943 67804 40017 79724 30485 4914 10152 41279
92847 50477 22877 83611 43089 32683 76480 54722 55394 40725 78436 41626 13577 17976 741
89572 75257 16756 78618 66144 17380 6923 10525 93306 85167 14104 34158 2054 23764 50910
37359 33139 31870 33898 25367 65695 20535 48971 75059 4090 64999 63910 74636 50698 6139
93123 51819 67449 9179 54481 97369 95388 50716 99884 69759 87728 15894 24587 70968 23227
38627 56649 67589 92752 29450 17581 42740 42589 79057 76885 93540 26255 52771 41031 81177
37240 45264 60468 4850 40129 57138 97540 66957 16529 87795 72510 50620 146 95055 69821
30027 37323 73985 15952 59013 80992 16796 258 37974 21766 57683 92031 46814 12692 94375
13656 3796 94962 9503 51189 51450 31016 93794 40312 90623 5450 39724 17579 16233 27034
32626 13439 4418 55442 4772 76749 71933 26168 1139 8407 99722 17817 64730 78102 88215
27327 5963 52423 83120 57217 34019 48837 93159 51136 52175 29325 34668 44956 9819 15529
4231 10456 3235 70152 56587 17531 33539 75910 43792 38854 19229 86017 82877 74438 40023
89957 64992 28338 99537 51014 69117 6252 18411 80650 73888 88112 62366 88479 7104 51744
65877 35400 1116 59013 70124 93947 63754 42247 57992 6084 72238 8132 30625 7559 5404
62615 42992 76305 44046 3488 89719 10243 31143 22785 73222 46146 91440 24449 68168 23687
55099 52888 5708 85329 23544 99486 19567 40989 46841 23068 29907 44980 47303 41442 58182
41796 151498 85742 43536 120845 58246 116297 169628 72826 114512 57865 108358 12950 97054 115406
77435 15530 73744 39577 37829 25436 20611 78202 48288 96344 18585 18787 20297 42089 92605
37153 84640 13951 34360 68882 90589 68241 81788 89888 81245 58452 30899 42548 17557 99800
37246 75590 23767 38914 65977 96965 51975 85812 16895 95272 18582 90198 58011 17801 53445
49713 90912 22137 75607 35476 70687 59373 4689 69761 982 558 36074 50465 67504 79629
26481 58100 48239 75725 65471 13639 17309 92693 10964 75948 41799 97851 36593 32903 38617
3395 49056 98246 35649 55732 99087 31447 617 93664 65751 15629 82683 15140 96323 14118
52396 42595 30278 71141 2889 73664 51525 5780 19680 33970 82216 35717 90974 986 24192
92593 9572 10978 3950 68884 63255 63789 91917 98433 12762 29955 19768 62422 50065 44994
30925 23268 19719 27167 82427 57629 83906 92599 80250 91496 83536 41171 68112 19840 77912
34619 74023 84627 68791 49860 63407 53802 22055 36615 42321 72410 32667 56223 26522 26460
7207 9492 81638 25536 7312 49368 15055 17859 98745 66460 88999 78131 24647 97041 4218
59935 89061 36551 60914 88160 70029 45587 23914 8651 31868 89924 59342 97098 44686 23261
99753 81059 17240 27992 12956 97486 68864 76744 70196 14478 50666 77205 31758 63721 50042
2246 56520 96193 22495 42954 29353 24304 40305 23429 82173 96347 11520 17940 63990 80418
2813 66484 71752 47990 45590 39673 81093 51134 57189 17262 28167 28159 70661 84256 83392
44897 15458 92424 20709 98993 86265 4165 59200 94409 79071 58841 12695 41913 29722 16
87893 83798 67187 15712 53747 82665 58255 56834 46571 13604 19846 63860 94600 86659 24679
57418 15029 57018 99101 20521 44211 9274 19373 1370 33857 75289 18937 19433 22588 89497
72159 49631 81903 37601 2190 51547 15451 93413 35840 84931 98052 76085 87812 71204 31838
32077 39044 62751 17563 95286 68634 98254 67632 92948 93293 90285 90361 24563 82990 42541
71903 18136 601 95140 32134 36424 78309 75797 86012 84636 83455 29649 3850 16496 50955
11994 95190 51100 41242 49839 55480 32523 80685 99206 1696 55556 90201 31665 59412 58064
24414 99382 91578 2929 41274 78226 87104 24781 4265 44484 61545 9168 91582 75788 43752
1076 41894 23475 2072 66297 68465 5141 81924 21971 3701 53717 90311 22368 66638 3138
81355 58356 95768 48177 55604 50468 67742 3162 99337 84167 42481 43794 53803 37549 8917
89241 61596 23411 97472 78171 42046 85507 77267 59550 13970 86182 49771 43470 85864 83549
52198 70030 1607 53743 92364 81663 31039 70146 38200 81591 39952 8366 32514 12008 74899
17806 37395 83804 89873 96596 21094 48540 73626 27911 93940 16781 90897 44486 20431 68760
103680 49866 27016 56818 166455 146744 80410 131297 38514 33127 169459 46306 127126 104074 107201
19473 29076 57474 105045 114469 77587 90034 118032 111221 32717 108679 33940 146636 60350 117791
54688 53199 2161 33023 4175 35139 18830 73983 91833 77354 32576 87909 51270 88923 49353
21997 64594 41809 74188 19562 98579 33369 99157 58309 20907 2209 77760 17657 71834 15281
23185 47180 35603 62797 77908 41083 61678 89823 50611 37482 33344 429 14294 90298 82306
59890 1329 52258 41119 83745 61853 35976 78822 57160 83411 5037 37511 57157 68180 82976
38629 40367 67315 2593 76382 96017 40508 8123 93890 5527 2552 65429 2574 69544 32647
33956 20112 54548 729 15116 86891 28285 75459 46895 55973 53180 42237 31784 44308 42537
35109 64515 8098 88603 46054 51565 14355 73777 87053 20409 48659 34570 40984 85833 46069
98565 54491 3388 1805 35845 20928 46317 32990 86699 8084 7722 11340 94240 60702 71828
55844 3729 53054 53634 5635 39669 46942 25301 19965 4784 42998 46180 44069 70502 6587
22204 81141 64590 38140 7308 46397 61645 54154 51823 60156 96080 14403 87684 82349 70912
59030 87922 20011 37966 56072 32836 40590 14925 11358 52163 60572 46659 56252 80970 60711
10777 44469 77598 88133 60175 83021 73733 13763 60477 92172 47239 69127 21954 97310 74017
71754 29795 59820 75941 52089 7624 42905 25817 66618 36688 86766 78644 63674 62247 46705
28866 7530 76331 11022 2565 82196 29214 9227 62265 3421 59838 77192 70046 80499 37744
70669 46760 75346 11802 59606 2707 94585 85895 51262 50837 2623 37121 67104 95549 72289
93135 25260 84625 81344 45526 52441 11830 76143 72448 78954 76927 26899 64232 81165 91696
7592 5570 84727 86673 30123 25365 26211 7675 80358 34572 29624 143 97741 941 4935
86148 88489 39666 27937 3989 84952 45530 83118 93237 5222 83758 51515 64550 95306 55638
73173 57391 10026 24369 19989 7278 27193 4923 38957 13040 97050 20889 23703 98822 91836
103199 142551 82317 24720 136320 143424 120430 52435 120203 76657 123254 99134 79760 127263 123542
97824 83918 33405 95999 2922 85445 25359 75935 69312 49394 8664 71929 27598 65232 86043
80842 99634 89310 86972 57855 15721 34432 17324 1911 68368 8767 43093 79518 63400 23577
37987 93089 49375 77566 46760 79834 82341 53839 8155 20960 5347 1478 7855 98292 17636
21155 71167 78761 46185 24614 33345 88679 33444 32566 77771 50926 58768 41639 10558 67397
5332 1643 13197 6903 30282 28231 72674 94211 27982 20721 51662 62971 16632 65628 2946
88854 39019 42850 71118 74674 53902 59019 58156 12678 33660 30214 12078 36569 38102 13635
46430 42605 14506 86210 76535 57264 668 67923 79045 41443 41790 58028 88148 13357 10474
26108 16065 22876 1641 82494 96178 32318 13366 1340 55026 56778 58613 13788 49730 72389
32126 265 11820 73801 25219 75284 8006 96322 69947 90076 48228 52946 23675 8595 88709
33791 2968 79303 97968 87797 45638 66869 63681 29840 77234 16304 92516 88465 4633 14785
90650 78751 52897 44074 43458 38650 76160 60891 26977 70931 79660 64718 71371 36795 78065
57218 45028 47027 19889 32572 90845 6965 31605 41674 21059 38627 79488 68209 92844 12147
76138 63982 2084 13964 91020 86000 89095 77673 10344 779 50425 54522 62464 8552 53042
48574 51807 24461 22656 75530 61744 4772 46130 36460 81873 41952 95929 77328 38102 47800
18575 92548 5509 26843 57486 18629 97942 12881 32992 94388 56522 4890 38429 74054 12012
3995 8982 22502 62174 94617 52256 73658 65189 37194 40053 72347 22535 29901 86864 81992
96957 96917 23364 50977 49399 87253 82925 22907 63066 78187 16430 14344 79563 2776 1227
12727 29264 69692 49101 78779 94530 85543 57299 16051 15238 53303 72360 53579 13842 88398
20834 74213 54682 72048 55011 41794 40173 8142 11414 40312 97423 74555 60469 44800 44442
28859 81840 13949 3488 65402 54309 43710 59891 81748 74621 73609 86000 27636 22907 11420
39686 87633 85461 20861 59372 1129 40776 35782 73623 59629 29507 21091 3876 93176 59060
9055 61749 37251 68780 78707 14867 77497 59234 1705 32840 83004 12532 825 25371 60297
94559 71245 22444 77281 5405 38422 31820 77122 15225 95154 68403 46278 70578 82473 65609
5666 562 72454 92773 51535 48420 97903 66228 27960 72327 7026 43189 1221 10296 14717
42925 40331 12805 43945 81305 78550 70154 50247 78970 62269 15386 60785 85056 44978 62915
35516 62306 96537 25697 78086 68911 73216 70851 47574 36556 81323 55321 28940 97671 64352
21580 79326 7265 58702 4551 6891 31574 77973 55396 43333 26101 81679 89208 70708 24462
27409 24118 3777 4678 98485 52181 18096 54866 53201 68574 95421 14003 84604 48845 89519
4540 44557 24889 31536 30839 31859 69281 27160 16830 43616 99854 7326 53454 80601 71635
79551 75579 40786 49494 83435 14305 98923 86636 79816 70370 35265 23817 27944 70858 29638
37788 3649 36402 97008 80250 71626 94997 7424 23751 90613 9099 35091 41440 49834 18747
75273 71958 97112 7079 16079 12722 19993 60382 48652 61021 54519 70829 27402 71873 79085
40801 47358 59728 61497 23475 63009 77838 99887 82378 44858 71808 26784 91569 36166 24270
55498 57783 63696 21186 31350 43701 42493 95859 76254 86783 34793 98737 3541 79043 49784
62217 95564 39398 68447 30669 25378 54716 23476 43310 10511 13772 86299 95637 29048 21632
63665 14576 70496 15011 61812 93244 95307 99545 82925 83106 15147 84761 14397 78023 71085
80054 75623 23434 39339 2562 81666 58148 70496 82794 65069 91012 2562 18311 14226 52229
92769 18025 35496 34995 90965 1519 60242 4744 26794 14956 95860 69253 33608 44198 90808
21996 66233 46633 60751 19474 31455 51501 84651 52494 87979 41490 26474 260 62161 4456
19692 31555 30355 14382 57463 57235 50702 41553 73734 10019 57225 32812 33008 52903 94182
81500 1385 66132 25823 50044 73203 46168 10806 58084 84318 13334 79059 43360 12994 28658
19955 48979 81017 14534 39865 67211 53848 67364 10873 28044 47000 31300 24441 36683 99177
73046 21264 60254 47227 61982 2577 81222 28705 19554 85370 96397 3148 11293 73341 80255
49786 59069 14560 56008 60939 8257 10371 89484 26866 16587 99119 99177 20885 89546 51114
21026 57155 45024 26726 55361 47067 63489 50820 24818 77632 19243 20945 14570 33674 49613
61194 80930 20235 58491 94396 7089 35974 5336 5073 94367 62296 73911 15165 8357 17213
33157 37832 9030 70518 61101 97269 37514 80846 53309 22055 28749 67499 38494 73562 95702
10790 73557 29271 33214 90145 39037 27601 40071 40562 31041 95372 68293 17977 66571 10610
58807 74011 89689 65344 24238 55899 83641 22275 56298 94677 35848 74828 38748 34475 34430
47148 95769 68581 1377 89229 82948 40157 75643 87161 59982 75583 15929 53941 33907 26524
70271 29687 11275 27745 51471 47212 96764 46980 41346 50838 74333 99018 70902 12478 54230
24334 78624 67230 89404 34494 6570 33956 92509 72852 26955 12113 28193 33449 74245 49978
16649 40373 3580 84015 90986 87955 85733 73738 6463 53498 38905 36896 48623 64970 9989
47945 18716 41963 78462 16954 15021 95268 71224 15035 5357 32616 2160 28895 82938 37580
24610 1905 94406 3386 16307 80612 74098 89600 84806 6651 96206 70145 23304 41649 97077
97195 135933 76093 75134 145941 141936 55954 76637 148111 43463 81361 53902 78296 116484 37475
7177 73326 46601 33761 50388 72366 7219 48773 53099 28517 95010 96067 91587 63261 39652
38190 60964 60211 76729 40551 69629 51207 24819 92142 9747 83517 34991 18120 94091 17636
72531 86365 26891 84006 10656 20848 79817 61267 44531 59315 13325 58768 85449 9181 82359
35728 86982 38882 30871 57603 33968 74820 66381 34756 42410 38788 78742 71392 89324 66301
45569 32818 10313 76867 28034 8626 10042 12986 72129 7572 81763 61862 51233 23902 41540
83576 82488 23392 57732 85529 42744 81370 86303 64200 31617 99006 84149 59422 51259 45971
90629 92478 35603 37106 96421 51964 2474 66624 91756 8915 53642 15036 65474 43956 75436
26495 103145 162449 66575 152824 53682 35966 51234 84173 80908 14386 171329 87502 145362 54655
36653 81721 48349 60101 49024 71428 96481 98460 86951 38371 65929 74639 63455 69496 49821
84714 77312 71955 46947 51590 86422 6735 43664 45363 3218 62038 41234 67700 37157 75831
15648 25842 39785 84726 38427 57967 76898 86542 86968 71724 93921 18547 45213 1826 83444
4870 88662 74582 9996 84980 43353 80260 45366 13240 36888 49923 27907 78217 41107 53936
66994 63343 7783 35917 54742 70975 66958 79768 70683 29534 13302 19292 21131 13784 90723
64376 38567 13786 31726 30063 32603 1721 7821 84299 25251 58294 93254 93387 7668 6181
30085 24521 90084 89855 85669 55000 3900 7780 46374 9931 19424 49998 10877 87421 69283
42215 20325 14327 66509 99036 18317 11094 17227 41725 90387 7701 53041 38781 4702 37218
1696 16441 5156 23540 99234 41289 56106 83880 94426 91449 64579 43082 57177 67911 16044
19905 75415 54872 84856 75419 6937 79482 885 34537 7239 43472 84322 65550 16867 82633
11642 19315 70240 86855 68573 9038 10424 87488 84355 420 48508 61611 42811 2216 57317
2798 53910 68596 62886 84402 68171 97324 87913 87649 17630 69515 49451 16252 94940 43146
89674 45420 21895 96391 32917 88162 68592 67013 73750 76527 60232 30081 58010 10846 74282
76900 9412 25594 42775 60182 89057 64474 38392 88242 80328 10393 98294 9718 40656 43278
38927 69311 41797 6949 8247 75919 96894 85242 62965 32302 81007 17772 79641 29590 47095
32970 12190 75573 78687 64940 78236 20883 39929 26231 53850 7008 85064 91410 31886 62668
89870 78088 49875 61703 47081 46476 54969 62085 41635 11795 9834 18493 33229 51211 23919
13659 6680 64333 405 83238 37355 70021 65448 10181 64484 18533 94792 34747 96031 84825
28506 75855 6794 4406 10823 94045 30088 88015 52401 64133 21924 18147 63603 66677 3118
21582 57179 44829 96256 1727 42544 39588 3180 96387 86002 92404 7612 73723 18696 7501
52209 64583 21003 83120 82601 86136 92167 88120 82150 33704 52870 96011 58631 41734 97355
47343 45109 43747 54491 59593 12595 9592 18707 16194 10226 41310 32071 57263 4129 58411
37337 50916 87181 54779 28285 4485 50312 97062 12992 61708 84335 89429 74132 57407 10435
92200 9309 21045 30023 73385 19845 69025 36780 17692 93855 60697 20568 22487 5733 4462
26425 97027 98603 15665 85215 41129 71499 84428 77803 10606 25485 99433 16267 49418 15756
19160 93608 95137 40661 33562 63702 6547 82694 74682 92754 13651 91867 58535 78371 64311
68554 57502 3740 88585 99701 70347 59828 33202 69771 23779 878 23400 37977 39733 8572
26176 38327 23387 11367 37819 38823 1724 20960 28289 90082 41351 968 13739 12446 11735
43926 46016 64337 58443 59690 86113 55911 43201 57164 79799 40332 17631 75536 51137 99695
69310 19456 42433 6392 42220 4666 84020 60109 64306 71965 77543 2488 22081 18340 16184
54955 56124 70887 28122 35 11622 23334 67044 47817 7832 18751 23301 71475 96661 85512
80064 54594 42414 50032 24998 1898 8055 39285 70693 28879 55249 88072 457 49631 60280
23149 40987 90169 90115 43586 85728 94696 83104 1488 6119 80389 80189 97612 24691 93073
53311 53927 6249 11606 2986 62146 42625 43707 28287 92963 19223 4895 8141 27588 33443
24646 6094 90483 30352 34974 82023 19287 56786 84706 962 58235 18623 91269 21537 29847
34762 76231 34847 43899 71025 34550 58387 26279 59873 15929 73068 56051 44438 72207 38666
47450 63213 52703 18966 1383 61205 20093 15819 35204 27763 28199 10975 54134 5097 51635
97942 31908 37743 79237 19466 54844 75630 83153 99989 42352 10441 55948 80474 26505 17762
52561 78498 48920 87174 84969 82891 86733 8616 99152 70093 86589 74273 46260 50275 18809
41514 82404 67590 8973 6087 53774 42296 57154 88008 60943 22498 30504 96891 69682 51186
69384 67485 72704 34099 44415 33608 10660 87122 87408 63024 3805 82478 90257 4222 2448
57316 66675 73552 36827 17831 15578 75589 95641 64197 78285 85567 75258 59276 86081 47449
58932 25299 28461 26849 52289 13373 46973 36367 847 44746 65103 31158 34799 31952 13338
6667 28094 23515 76486 87268 38481 97469 4223 76390 92821 20529 30364 44921 14189 91893
69419 86599 95101 91724 45895 26561 50473 21176 50581 16251 36570 95427 83257 84911 32831
97393 5404 4420 31792 12538 68437 4804 22714 56877 98481 34603 52678 53190 47353 42692
83998 70993 81747 72350 58217 50575 14942 76552 98695 63103 29738 93558 45702 34580 28653
75725 35852 49340 32124 87248 20898 42871 27328 84271 30586 34295 8967 959 12999 84584
74633 72913 21008 42910 80301 8659 87855 56433 80386 27846 59026 86626 34564 43939 98908
11387 96111 74294 28295 92281 45566 12009 64290 44099 51808 836 98531 52243 83298 93313
57282 30836 71113 90145 10152 25974 67497 51890 76032 93084 63114 4894 73276 47028 98718
15545 52089 12013 7475 98448 99735 8130 32881 9445 8739 90080 26823 717 68120 13758
36093 90963 34356 10097 68606 44521 6749 8956 29547 81214 28056 20559 11242 53450 629
32733 78195 94382 63424 9228 98659 7357 83376 4302 51002 32165 67460 39354 19091 3386
83111 55552 85065 17024 78865 51310 48538 65465 47638 52088 11052 57929 95 54997 69845
71981 95927 42220 20528 92064 87073 7303 74052 3941 88982 25886 14159 27517 47262 89078
45020 31382 40666 9013 84656 91088 29912 7357 14179 34529 28571 24111 43707 76197 11431
44687 87482 46784 72326 4010 17172 92534 77930 97727 43730 78497 5922 95976 86032 82757
58544 24772 46223 7850 95249 18967 37738 78030 17941 29194 70501 47699 42342 80108 73468
34080 45734 59637 41733 41431 13572 85206 16088 50415 15989 52797 81221 59487 43188 10930
64237 8757 22172 58517 29389 37701 91701 16771 83687 3921 33882 76401 15153 19275 35867
70208 29575 83673 90943 32409 69574 18290 42992 19881 9142 6593 33511 63520 1774 76861
88197 80210 22304 83404 24752 81123 2220 23787 18628 95127 64760 22750 30371 57937 41226
71207 43935 41496 96938 92630 48781 65030 19989 92762 50152 47701 45735 88715 7696 2993
48716 89076 67782 55257 10210 55028 33500 59265 85491 86992 89033 28807 47088 71148 87269
42827 29628 89523 76789 73757 97194 36269 23910 98304 81722 13816 79735 8744 48359 88092
24642 36412 81730 19239 22856 23997 4171 50815 96649 90566 24362 68737 5437 82174 53169
13768 53368 33445 68739 73452 49873 39614 18027 96054 4098 55205 41133 3484 80840 27410
59322 96862 173385 136706 104591 108065 87854 72530 123082 34362 50320 112088 135353 140111 99989
78017 64893 85080 9351 59974 3421 68234 81895 87889 21409 71029 45734 51198 47979 4322
97839 82311 89419 37883 64382 82683 22460 87880 2764 3508 1284 95042 73623 9477 11299
93377 50315 15517 17091 50264 32113 587C:\Eval_OJI_2014_XI_XII\probleme\ciocolata\exe_concurenti77 50917 53884 11526 23390 26375 42148 75826 27164
99547 43175 85445 74193 87119 74051 26337 13307 40627 76623 40756 95243 62148 63854 60121
70816 42293 98143 74389 83055 31448 93953 51723 66273 50911 27051 7360 67034 43352 88900
25465 60186 22519 63238 24207 64043 61804 31365 73492 5887 32548 70760 78555 50609 84386
28249 34752 88402 85649 3150 74458 7097 16414 84680 34595 818 8325 76223 35689 59220
93343 35943 38940 75076 23085 63526 1919 50968 51670 13297 94962 38037 93154 70047 4463
2975 52947 44692 62195 50922 98129 18122 66895 46211 36203 83379 35176 71105 40922 51458
44218 51216 3393 5560 43801 61181 17675 49940 68692 51315 1658 18611 63316 62718 63346
2435 68198 96870 79971 9005 63146 60744 24488 76724 37286 2752 3847 4055 66713 24163
94551 27623 42395 17743 62744 80535 78911 13739 80345 39386 86916 88433 22272 45649 75379
69814 31801 79228 61821 32205 74114 9204 21042 81412 32363 87014 66827 27102 30423 13253
75397 21143 34794 5710 3815 31239 84771 79519 82639 19330 85839 52295 90711 35688 54663
52652 2306 3954 48121 98799 86480 44097 84730 636 50288 48199 46853 95086 38169 78420
54586 53710 64966 52227 43106 6095 48419 39728 29116 70362 47909 21518 29553 47045 56749
40011 43825 86185 872 85926 37571 16031 84815 14852 88512 55612 81481 66614 64057 56715
54021 2726 48592 53507 60346 48606 31583 72567 71495 81700 97318 23702 57399 30358 91480
79434 95462 80432 23380 28574 5819 5231 46518 14173 12141 7978 9479 88396 75242 32895
3823 88061 59640 21304 88751 25415 14089 54658 76465 32087 66178 74813 12817 29234 18429
55112 52255 48173 89563 83606 44663 38267 90299 15621 15087 82014 2016 96226 65297 27230
17655 46860 2939 41171 49834 92509 4310 52264 10634 71520 50908 62135 89695 56848 61575
47498 83675 46830 83697 52679 12908 7381 90511 61564 57509 6422 82491 93716 17894 22936
36000 42321 97725 56929 3160 88201 62248 36665 70069 97926 10514 6169 41826 52568 66596
23337 15498 47765 32462 48717 34560 82171 70391 59048 40461 72851 6516 34550 60264 98612
33944 62769 22520 63377 85166 39785 3093 73254 81241 17938 79902 47139 86077 32587 69009
81627 26959 8379 10602 76315 13675 26645 55320 42662 46313 31935 40380 90326 51115 72357
40429 8786 6746 29040 55154 56489 59420 53641 23997 84177 8847 670 50711 79872 9664
82464 17842 61631 35306 33146 44028 43996 49890 96525 12134 72348 47660 40887 53981 11606
81411 67065 25863 65020 5621 44321 44497 57395 50615 55257 27 22187 69556 38362 19797
53378 2096 89797 11953 44152 39135 94049 23188 80420 56933 50860 54466 27855 34340 84991
99026 91212 63884 57415 50396 49941 98002 58092 5103 19966 95359 82459 59300 53814 61760
59762 52446 90517 71977 80469 88704 56678 39324 81957 73779 43951 82877 9458 29795 83306
45774 96260 47129 65435 81119 66194 46947 28753 54594 38638 56003 55066 5118 16760 50719
1011 2753 19923 54190 9668 73668 51972 65444 9823 12398 28545 57004 2054 72176 48444
20325 83889 55435 26882 50001 61704 24159 98608 75853 79638 79524 51033 45705 48423 7747
16925 99437 2241 7015 4101 89315 37914 98829 25770 55820 80999 2004 27141 92546 51151
29104 71595 66897 18546 85648 35041 66746 4065 61214 13091 18028 83843 20375 75628 2130
60229 32800 47865 79227 51784 95560 96507 48173 7458 33283 54724 782 22697 99403 36727
48630 66780 13827 16343 54352 43903 61820 81655 52787 25612 44000 56 33902 81013 20995
69884 30917 1936 25251 98913 19981 988 74562 85768 68782 73008 80973 31792 54833 51845
29699 2776 60777 24087 24531 76677 97652 41794 58820 81108 4080 37670 74621 36649 2908
51791 73171 5136 3579 59195 96804 16045 46262 88670 31916 67243 66067 89942 45901 84328
30978 83671 38224 17413 63119 68290 65893 22314 25082 69508 49150 9187 79417 9841 48759
54259 55178 18938 9280 49740 410 94444 62075 99217 6839 44081 31990 80182 12694 40104
15861 26414 97359 24578 85223 44985 30259 58024 29683 55132 6177 29398 13367 12211 5998
41122 11528 66194 64500 18795 28812 57985 56742 31983 95511 64637 33575 91800 96106 34956
53775 6543 29355 7534 54212 69929 68795 57627 86269 3430 12340 36421 3191 56500 55711
72269 42113 34011 88929 64025 75421 16797 63843 6410 42522 82029 52462 57749 27818 17075
2901 95972 13640 68680 236 11378 34757 11651 39952 7829 8425 49013 482 71945 47542
1489 79878 81423 1448 42149 15363 56400 8610 1595 8358 21085 85335 24685 41596 37224
37832 54396 43690 56718 87413 98753 3233 99046 18398 59195 78996 28643 12250 40846 13875
74066 56864 51914 62069 7304 40930 30016 99719 12455 7676 97259 89846 13454 48479 41064
76765 38128 65421 50430 94307 90984 64416 54841 85932 67949 6736 23648 13777 94694 64008
54906 83079 3227 74484 33040 12515 92541 59086 37122 71675 20819 49936 98760 38077 56020
76203 234 20532 73304 28317 38277 32855 46011 54317 693 18590 70904 78849 8325 8865
96680 19110 52209 2733 49771 42829 72989 7116 21563 76156 33052 38422 29055 85054 2112
30337 75603 77677 59638 47609 6213 43560 15149 79474 11249 30612 55014 81957 47731 93796
95003 19060 92284 67127 89680 27314 64363 60591 25262 76637 79966 77290 54342 87955 30089
122374 98273 86461 137503 166511 62627 107748 119329 152868 120605 131076 126571 132491 52696 45893
76624 86314 7620 32288 62240 99793 92455 43467 28807 8434 61323 26508 20676 39530 29457
46400 34115 60148 13914 82586 23047 82991 83916 13579 70006 73572 87936 61802 52143 42159
26 46560 10209 78623 37197 7422 94745 9360 61805 23741 67590 8445 7926 12243 44609
73472 67781 27553 88952 34599 82345 25234 96862 9197 22074 96404 14318 20184 62952 94691
6140 95988 68111 16580 77468 92538 75755 31396 4813 50750 9575 23549 30412 51231 8067
90318 154313 167210 95339 156178 130898 155288 234428 95619 177789 145160 125471 59539 157078 210390
19928 46690 3462 89458 36692 14845 95586 16240 52228 84249 5323 99422 97848 804 72218
62222 35574 23575 80698 96346 72657 60631 33425 71763 78437 49559 49269 41741 43116 14634
28528 41126 89497 19667 18225 4971 4709 67447 60189 42546 87178 76872 57478 39482 52037
57217 3982 32401 86560 59459 65376 74345 93053 94566 53128 32620 74172 50891 78494 10999
47478 17762 12062 2026 78106 59110 97628 59024 28507 72572 6030 90693 2187 59074 25440
16687 26405 56728 26169 50613 67746 42951 21562 94591 39717 79828 6950 76270 22203 60249
16464 94017 72253 51746 91124 89698 22752 36294 7748 28298 36357 26523 27150 51585 11199
78917 76802 33392 70419 116759 99793 71682 85053 167785 78722 113138 80856 139609 105666 107391
40973 22283 92361 15439 43765 27280 48942 96391 68299 4607 88946 43619 45085 58746 49102
24518 115553 24283 176586 96513 84651 102130 94411 85686 124728 89014 110276 133505 113348 88603
69889 79777 56199 97769 18976 33852 51710 72784 75795 50765 12595 69511 51119 53198 39720
42798 72929 65496 94389 99215 84173 85196 94060 13592 36284 83485 51259 38299 96903 9221
50193 56778 15240 89803 5453 5077 68053 92692 12403 44727 19139 4639 17753 23962 5563
88048 31044 20624 57420 77556 51957 33858 7179 68567 39816 95565 53984 94668 56418 22383
8984 73778 93015 19910 16402 6394 91576 64885 32341 73199 27182 72405 82620 50521 51617
99758 98983 7607 24237 21876 42440 40468 55682 97651 4494 64706 87003 44357 83224 97327
37452 33452 128 17667 68775 25985 69986 94226 66282 43499 21376 13447 99145 85285 63937
83474 89222 86320 70903 42275 16287 66308 34448 15625 26953 52647 57206 81198 54795 69859
58516 66142 21054 61492 53136 40841 28399 47383 50089 27225 44871 60277 76002 21412 44330
2829 88406 77172 32546 38 4411 19234 84720 57686 22175 42602 12180 15321 20375 46715
90653 14470 30380 71858 53617 80530 17352 94274 20491 63394 62170 31535 27835 85595 27806
8735 87025 69038 94414 39668 17713 6047 56799 95530 73451 66984 14874 25993 74079 73568
55881 49387 38056 95556 62121 124390 88617 139610 121968 42476 185305 112962 115510 66963 133529
51426 53092 8426 64989 13337 61371 71488 56554 9170 60313 79578 73269 97849 81776 23187
85597 82561 208 74694 15428 21550 50005 91979 36264 87258 16138 42171 46829 33359 10687
83197 6903 64261 92852 49379 60728 85176 39673 86770 71533 34827 42629 90993 32389 1742
20004 50537 81717 70370 52756 65274 82146 63048 965 998 60443 65870 26727 59600 84532
1954 66683 1959 98829 2440 24962 74186 80652 8825 8431 30080 52785 62642 64266 13563
81251 30312 87131 77198 57943 49604 62056 33272 52489 51481 70525 69924 72971 88998 55478
70619 43745 83851 89959 12656 25311 46073 48581 75387 3431 43909 79671 27341 51921 82674
47300 86629 56759 93507 95771 73238 47679 60487 51582 64068 84966 96567 81076 54138 62067
55721 14499 95304 40106 63300 49523 75356 11752 62617 42817 97820 81588 8762 6763 32393
54454 89983 21903 6207 24851 56635 75801 15144 96258 64955 59950 32567 77527 16569 47893
71937 91964 70275 12741 52256 37879 93482 51891 40879 85069 29981 6431 6144 11838 36844
7041 97337 39525 36765 90876 36292 68336 30646 43806 79868 60529 72269 52067 23769 66160
60570 40343 68608 3582 69677 69104 15469 65545 97629 85895 81611 73417 81767 96776 47389
6564 9507 32821 14459 92868 34461 43773 35608 15882 95881 74635 54477 63486 38477 84407
90832 21138 49422 12748 44765 61986 33132 45024 24201 12556 57604 50080 2221 13043 68372
79411 17025 92007 6309 94016 21428 22907 24746 6111 13629 48601 9256 85955 55583 94350
37970 4732 23011 84868 83635 91275 7749 98498 65106 74281 68674 94830 44374 44799 81262
99548 94939 49218 1190 51004 31781 94294 98492 69610 42153 22526 23854 64680 1362 98464
50030 25299 57458 61381 53460 40699 94525 20697 31902 12786 46502 81635 55023 62013 52848
14407 94118 4348 43544 89057 37353 97695 86306 56005 73026 74386 28327 85777 8763 61911
38434 56818 14542 22634 48429 27419 62437 33802 43119 60794 75960 56115 20681 37437 96833
44894 35280 10001 18775 78034 64835 18471 39198 68848 25779 8205 32429 35069 10368 8517
68421 39371 26976 55368 10291 42809 19973 67603 78226 56503 75554 35155 67802 82458 55535
71658 31032 87412 81658 4177 46844 18354 71690 18239 40420 63740 98950 7033 16433 35604
73239 76693 32387 38585 57164 31493 37507 50924 39922 30578 24934 36018 55861 89525 90447
9781 42991 68449 23362 13999 10047 28504 51821 67275 44512 36724 48800 5119 5557 15952
2551 98966 96986 35105 75071 27277 23620 34925 56258 37386 54747 10420 47575 49625 86442
21310 99473 21259 72474 86028 81761 52138 48593 16735 36132 61192 1467 56188 74365 51581
135614 91239 81647 116519 116152 71495 24293 160805 52029 143933 82276 72597 76159 59425 141496
97493 71799 1885 65745 62501 66624 42220 47856 75116 19307 61074 44288 66001 71339 17991
27837 44919 67122 75995 48183 74883 71644 31977 10004 71718 78938 67361 63714 22914 38670
65363 16348 81119 72950 64831 89344 57288 98333 53783 34180 77810 59846 76020 73284 53893
93377 88923 28628 27015 48569 65997 38300 44709 64940 63239 34993 81337 96988 34386 96664
84794 93111 85203 43846 60155 16433 87659 99209 68195 25512 318 93588 16872 36422 22144
31218 10114 57979 33548 72839 2828 26212 63549 86784 76300 79877 86090 45665 45085 64634
21275 31399 39328 97649 26086 29501 79199 75208 50945 12993 36391 78752 40244 8970 63632
31034 17324 60848 21413 37549 52293 54505 89287 45780 55906 19835 84629 69842 43649 78755
79359 16407 51903 49740 13522 47758 79636 76020 33152 49633 80831 67424 38006 63795 61613
89206 45740 79563 15524 25338 78463 67324 9337 47626 54196 76329 6869 40084 62562 90076
49447 25892 16511 22743 4204 26303 40739 39138 26026 55121 41028 94467 87734 18591 85501
82962 13535 35723 2142 98494 31017 96583 9595 2529 41415 73759 18830 50936 69724 76482
19235 82333 12279 59166 39981 83114 35151 82034 83837 52326 71962 23779 28891 39385 31834
5999 65761 70584 96791 95282 5782 66342 7758 77318 99627 87502 59295 96793 61167 55504
52313 4464 149717 117026 44225 80067 100976 109798 77192 79996 65971 150187 69711 71185 103848
91063 93331 4890 75788 55853 75073 12517 9657 43634 25726 253 42208 56646 7233 64854
2067 46190 46851 86808 96597 23582 83959 67726 26890 73197 16104 30589 4983 54404 5087
46792 10921 45464 93488 81932 71502 29331 19636 29933 40306 21249 17144 3367 15159 71531
51139 19341 11050 56577 65065 55349 27733 52578 12452 31817 73094 80370 99557 99512 51971
82404 26442 36504 88888 47676 6947 90380 29853 10780 69040 80995 4461 35438 15429 29658
93938 83325 55810 99823 13166 37840 53395 26412 85553 39272 36842 65750 86424 60846 271
74001 44560 43042 44366 29101 49293 52423 75520 41380 60260 27685 95308 89743 7557 11819
32012 78528 85825 1926 86783 41145 32012 14964 20646 14854 35333 56030 53950 93737 61245
58284 24837 53914 31894 184 76677 79212 97154 64593 74812 16155 38583 76308 74644 30433
6126 23921 29436 31675 17870 81390 48693 3651 59246 39301 79455 92085 66166 87960 2056
69367 51712 77268 28489 12780 28330 608 13455 21789 67859 27263 11137 73161 139 38636
78102 16019 33279 78617 75768 30491 38837 45909 7595 77672 65364 16394 56310 32770 50377
34095 7785 10654 64809 30119 98271 54019 73805 65197 80099 63305 12537 40264 42937 43642
72698 85529 69867 47442 91830 15528 59366 10080 18033 64229 70769 96897 56498 64356 89893
11603 13128 70436 55031 64822 80203 3090 89414 21326 42497 23136 12999 44806 48665 16151
45812 44231 22469 60648 95453 22424 99785 36878 42967 28838 58392 48569 11402 33147 19026
93809 17772 121256 179009 46058 82202 114805 142677 154021 94823 157120 127827 139084 53699 82357
55470 86529 55230 11940 37637 12550 28307 86546 80025 99222 67944 48034 61636 58021 68310
72196 13402 49511 41275 58855 15688 91567 4961 27913 71955 2163 1767 5606 77209 73872
63457 15844 82588 84874 7438 75907 60225 32628 40773 19430 69819 63761 2664 64340 11976
3555 45037 54253 46612 7071 27405 82560 25728 65073 31763 52307 15876 45299 25418 27841
84823 76700 61660 137150 99710 145710 117114 102086 79944 74197 110940 75054 55928 133231 118496
17842 21213 31521 69608 81853 95556 32314 9961 95577 73461 69636 93888 40899 28606 2884
60431 59642 18802 93381 30329 94068 55324 33960 49197 93860 2609 3208 38395 9949 29173
46271 361 9745 80613 46716 24975 41553 23401 75852 68386 46210 56815 58689 44268 57121
17766 3274 20994 43581 13938 92606 84782 87453 84092 16969 82017 37711 72849 23778 72596
58237 31167 17755 29221 76588 46664 56976 47411 28317 70896 19520 52350 24558 50644 44268
93064 10091 42040 42728 44809 45319 57752 90783 46763 88472 11339 2463 61181 19473 2176
27943 38955 39483 75493 53452 67852 22358 39066 57539 47831 50241 22590 29933 63423 92292
24655 54241 41376 87887 45651 42837 9098 40084 93029 83952 27965 49720 66183 23125 63636
97769 82337 24283 60076 93321 78518 1419 1103 84911 28825 9854 82458 8420 49814 75692
85989 84315 83657 50592 26021 8330 48359 66538 66145 84216 91851 38121 98816 53672 84415
20780 744 93055 93081 23258 2838 14437 17566 44306 43989 91723 37712 47421 26471 35229
64388 66495 93198 29562 17261 38309 48843 55039 14887 40310 95664 25307 89801 59239 5791
5324 74360 38452 43193 3514 50984 40580 92985 37572 31943 98854 3739 88305 57570 32740
