50000 80
578 3949
1648 2857
9270 5219
5462 5897
6297 7423
5740 7431
2504 8275
2983 6393
7690 5959
6262 3053
948 275
2243 7532
254 3544
8923 4363
1132 390
9278 3214
5967 6086
1020 3006
4290 339
1344 469
6624 4780
2408 7846
4786 4467
3951 4726
8058 7777
3946 7332
3445 7646
4338 3357
4057 8250
173 5141
2195 7861
1374 8186
2818 3441
2020 4240
4679 156
6320 2318
5696 4838
3397 1139
6999 9560
851 143
2950 5478
7350 9130
868 2152
8002 2732
9457 9404
7283 3170
1580 3078
3553 2796
1238 4574
4774 414
999 8527
4180 2333
8001 4591
9410 8108
1646 6800
5146 9230
3144 9911
7665 8128
509 3809
9103 5868
8228 896
8525 5865
9401 1588
7554 3899
1337 5783
7592 3994
4572 9859
9916 2378
1417 5835
7783 8415
9760 8861
267 1797
1393 8409
3386 2419
9863 8670
3108 3958
2416 129
7508 9622
6577 8472
953 7981
