9
10
672542353 272130384 382698287 750797285 272130384 506243080 272130384 272130384 51034927 272130384 272130384 272130384 272130384 655107289 272130384 272130384 497074962 787282199 71005919 272130384
8
789541618 789542028 789541740 789542118 789541767 789541908 789541694 789541418 789541621 789541581 789541493 789542222 789541669 789541734 789541409 789541985
8
789539021 789537999 789535599 789539021 789539021 789542301 789533207 789539021 789539021 789537166 789539021 789539021 789539434 789539021 789537153 789539021
6
789538243 789539165 789538496 789536128 789536128 789538398 789536128 789536128 789536128 789536128 789536128 789538304
10
789532640 789532704 789532571 789532518 789532640 789532640 789532783 789532512 789532640 789532640 789532640 789532668 789532640 789532712 789533288 789532640 789532640 789532961 789532640 789532640
8
789532392 789532392 789532368 789532380 789532364 789532392 789532375 789532373 789532392 789532392 789532363 789532392 789532392 789532392 789532392 789532378
8
307944102 307944102 307944102 303449112 303449112 303449112 307944102 307944102 303487654 303449112 303449112 307944102 303449112 303487654 303449112 307944102
7
16859007 55433388 55433388 55433388 16857260 16859007 16859007 55433388 16857260 16859007 55433388 55433388 16859007 16859007
9
184295308 184295308 184295308 184295308 184295308 255335039 255335039 255335039 184295308 184294015 184294015 184295308 255335039 255335039 255335039 184295308 255335039 255335039
