2999 3215
1205 1191
2818 1191
165 2818
1186 165
165 1983
1983 281
1983 67
673 1983
165 2528
2528 1012
165 1688
165 972
1625 972
1733 1625
972 1884
165 1397
107 1397
799 1397
1397 1626
165 2694
913 165
913 271
544 165
2256 165
1269 2256
1312 2256
2287 2256
1613 2256
392 2256
203 2256
1384 165
165 115
640 165
640 1387
1270 165
202 165
1442 202
2390 2818
2390 2472
2472 718
2472 34
1547 34
319 2390
1775 319
26 319
782 319
2390 388
711 388
1638 711
390 2390
390 2709
435 390
390 543
1896 390
142 2390
256 142
1315 142
142 1194
409 2390
409 1273
1223 409
2041 2390
2041 2730
2884 2730
2390 741
1214 2818
45 1214
1214 699
2661 699
2661 1836
699 1504
1214 2979
556 2979
1214 2266
2096 2266
2266 2280
2631 2266
909 2266
1214 2759
2759 537
2152 537
537 2934
1214 2206
1214 1668
1668 1024
2045 1668
493 2045
2818 1030
1966 1030
1740 1966
639 1740
639 49
1710 1740
1979 1740
2818 362
62 362
1201 62
613 1201
2544 613
2991 1201
688 62
688 2113
2113 2064
688 783
62 2362
62 1097
62 697
697 2603
1349 62
62 1488
800 62
62 2637
62 1605
1449 62
507 362
2983 507
1241 507
1899 1241
1003 507
1395 507
1395 2191
2191 2344
507 2123
2766 2123
770 2766
770 1832
191 362
191 495
495 2037
191 949
949 1378
2582 949
2221 2582
2614 949
533 949
2850 949
162 949
949 1039
1202 191
191 2720
362 68
68 1533
79 68
68 1767
1767 136
136 1346
1874 1767
2681 1767
746 2681
1650 2818
277 1650
771 1650
2216 771
2313 771
1650 415
1961 415
2878 1650
1873 2878
2785 2878
2878 2515
1650 2153
1859 2153
2243 2153
383 2153
1736 2818
1736 2939
1736 2996
2996 464
2455 464
2996 2942
347 1736
1736 2529
1736 1782
1736 1338
1554 1338
1554 2166
71 1554
1736 122
122 705
946 1736
2960 1736
273 1736
666 273
2167 273
1817 1736
2818 1980
902 1980
902 2095
61 902
902 2848
2782 902
902 818
1089 818
479 818
404 818
1845 902
902 1513
1513 46
1095 1513
902 830
902 1891
902 2951
902 1203
902 1821
280 902
1417 2818
1927 1417
1417 2468
1417 1396
1417 989
989 2150
1417 84
292 84
2376 1417
1417 1634
1417 2241
1417 2925
77 1417
77 2195
957 2195
957 863
1417 607
2049 607
1947 2049
765 2049
652 607
452 652
607 478
1195 2818
1195 2815
2815 1124
2886 1195
2659 2886
2886 2051
2051 896
2051 760
2040 2886
465 1195
858 465
2902 465
1486 2902
1486 508
508 2479
465 1206
1195 512
512 1287
1195 1721
2302 1721
92 1721
1784 1721
2859 1195
1683 2859
1354 2859
1354 1693
678 2859
2571 2859
2859 1616
644 2818
1993 644
1335 644
1335 1058
2907 1335
96 644
96 2703
2703 1171
96 938
1799 938
96 318
644 371
2322 371
2903 371
1158 2903
644 1048
52 1048
2977 52
108 1048
108 1125
918 1048
1236 644
1236 1780
1780 2162
1067 1236
985 1067
644 1579
190 1579
2770 190
2224 190
644 2554
597 2554
2485 644
644 240
1989 240
1455 1989
1224 1455
644 2425
2425 153
174 153
2061 153
153 2080
153 1301
2818 2974
2974 514
514 1645
2254 514
514 1531
1531 2028
1531 140
140 1539
2751 1539
1531 454
454 1648
1323 1531
1606 514
2714 514
514 1759
2316 514
2316 2993
2057 2993
587 2974
382 587
738 382
738 2799
761 2799
382 249
1293 382
2989 382
382 204
204 370
412 382
412 2265
412 2904
1161 412
789 382
1824 382
1358 382
2620 382
2818 1576
1576 2033
2033 41
715 2033
1576 2182
1576 1438
1955 1576
1955 1798
19 1955
1955 2870
1290 1955
1718 1290
1718 1962
2334 1576
2334 1867
2671 1576
2346 1576
1576 2553
2445 2553
2898 2553
301 2553
301 812
1576 283
1629 283
283 681
2957 1576
2957 2428
2820 2957
2758 1576
1619 2758
2756 2818
2756 1879
850 2756
2584 850
2584 581
581 17
519 2756
1931 519
2312 1931
2854 2756
2756 2460
2756 2705
889 2705
2705 891
906 891
2705 253
253 2621
2756 1311
2538 1311
2538 1820
2756 2992
2756 1974
2756 872
872 1023
56 1023
1563 56
311 2756
311 2222
311 1038
1783 1038
1783 2539
881 1038
1038 2101
1038 2006
2756 496
496 2742
1074 2742
496 2509
172 2756
2297 172
337 2297
1833 2756
421 2818
2453 421
2477 2453
2318 2477
2477 2156
1181 2156
2477 2332
1117 2477
2477 2910
97 2477
2453 2426
1316 2426
421 2976
1441 2976
2976 536
2976 295
2976 1587
1313 1587
1587 1390
1390 2294
1390 484
1462 1390
553 2976
421 1937
1937 1434
1434 2731
421 555
491 555
2818 2319
1715 2319
1715 423
1715 2998
1715 2959
326 1715
622 1715
2807 1715
510 1715
1715 2990
2801 1715
2409 1715
1715 1652
1715 910
1715 980
1139 1715
1715 725
1715 2393
1205 702
2047 702
2047 2324
1489 2324
1489 473
1489 306
306 1778
1425 1778
275 306
2125 275
2213 306
272 1489
332 272
1489 2314
1489 1546
243 1489
2525 1489
1489 845
1006 1489
2663 1489
1470 2663
2108 2663
1675 2108
1675 2338
186 2663
1489 2198
2198 1157
1468 1157
205 1468
2198 1839
2324 1102
1102 1357
1357 2277
2277 1341
1102 1656
1656 2284
2284 2437
2437 307
2403 2437
1656 1046
2585 1046
317 1046
263 317
1077 263
1102 1445
1445 391
651 1445
1445 1522
1522 227
1445 1146
890 1445
2239 1102
1051 2239
1102 2286
1542 2286
1542 2568
844 2286
2286 120
2647 2324
2115 2647
2228 2115
2228 2146
1991 2115
82 1991
2115 417
2144 417
470 2115
2115 1143
2115 1641
2734 2115
2734 1113
2115 826
826 1928
826 1725
1078 2115
864 2115
2115 975
159 975
159 254
2115 2863
1339 2863
2115 710
2718 710
710 1013
710 1166
1790 2115
1790 1556
1043 1790
1043 461
2410 2115
2386 2324
437 2386
1592 2386
1592 1902
1592 1655
2966 1592
2490 2386
2837 2490
2386 2894
1352 2386
2394 2386
2386 884
368 2386
2895 2386
2386 2609
2386 822
1310 822
2965 1310
1310 1253
2879 1253
2879 617
2386 131
131 309
131 76
2386 2811
2077 2811
1696 2077
1696 1329
842 2386
2386 2558
2304 2558
2558 1520
1165 1520
489 2386
814 2386
144 814
814 2786
814 2769
2370 2324
2370 2487
219 2487
2487 1399
320 2487
2366 320
2044 2487
2487 1559
2487 1548
2557 2487
563 2370
1801 563
605 1801
605 1647
1401 605
2565 605
2565 2116
1361 605
729 1801
1320 2370
1320 453
453 1137
1788 1137
2680 1137
2071 2680
476 1137
2370 2456
2456 2201
1448 2370
2370 94
2581 94
2581 2301
1047 2581
2821 94
2821 871
2689 2370
1433 2689
2689 2927
2689 1248
2689 2860
1129 2324
2094 1129
296 2094
1822 2094
1750 1129
1426 1750
2478 1750
2728 1750
2035 1129
2533 2035
2274 2533
4 1129
674 1129
1872 674
1494 674
2697 674
2643 674
674 1608
1129 447
15 1129
2203 15
1129 2636
2636 1627
2636 1422
1422 361
1628 1129
2547 1628
626 1628
32 1628
2606 1628
2289 1628
2289 1847
862 2289
862 1459
2388 1628
1129 813
2937 813
2937 2501
1109 2324
2188 1109
1109 1262
1109 548
1109 422
1109 2639
1109 2762
2387 1109
1109 2043
690 1109
2752 1109
1109 1819
2439 1109
1109 1662
2324 811
811 2882
689 2882
978 689
578 811
1866 578
1508 578
511 1508
2341 578
925 578
811 1218
330 1218
2744 1218
2535 1218
546 1218
121 546
1192 121
546 551
1218 1197
1218 236
2524 236
236 2662
1285 811
2046 1285
2794 1285
1285 2632
888 1285
113 1285
2329 1285
2047 1964
1964 2750
2594 2750
1447 2594
1967 2594
2594 929
2750 1099
1706 1099
1275 2750
63 2750
63 914
2980 914
2750 278
278 1944
2484 2750
2750 1108
2836 2750
1365 2750
1365 1226
1365 155
155 89
1810 2750
821 2750
2750 1977
2750 2303
2075 1964
2075 529
1543 529
2056 2075
2056 99
2075 164
1179 2075
2075 1796
2121 2075
2192 2121
2075 1151
363 2075
2595 2075
206 1964
206 2912
37 2912
206 2086
2086 110
175 110
110 615
1964 2337
298 2337
298 1921
2707 1921
916 2707
244 916
2337 2625
1964 2405
2405 1651
1915 1651
1651 2598
1651 1101
427 1651
2384 1964
2384 895
2384 2457
1325 2457
1381 1325
1831 1381
679 2384
448 2384
448 2774
2384 2928
2189 2384
2189 445
2189 2298
2189 1745
2189 1222
2189 2862
2189 1079
2212 2189
1115 2189
2189 2218
2189 214
1307 2189
2975 2384
2975 338
338 1159
1159 2556
1772 2556
2975 2307
1049 1964
234 1049
1049 1794
1982 1794
1049 2880
1049 2601
1049 977
1284 977
1593 1049
2200 1049
1049 141
141 1909
1978 1049
1534 1978
1049 735
1602 735
1602 1324
1324 1597
1049 1907
1049 1059
944 1059
1964 2097
2414 2097
2767 2097
1020 2767
2097 693
2097 1444
1444 649
1943 2097
1764 2097
356 2097
2097 1886
832 2097
1960 2097
2097 231
2097 2365
2777 2097
2097 921
2097 282
282 2919
246 282
1964 9
9 2257
2257 856
2257 287
287 2354
2257 2385
2257 2159
2825 2257
2059 2257
2059 1297
1890 2257
2749 2257
2257 1510
2257 384
2761 2257
486 1964
1735 486
1735 2591
2339 1735
367 2339
486 1215
1215 1789
486 2446
486 2202
499 2202
486 2684
486 1439
1439 2964
2118 2964
486 1386
1964 438
1865 438
1865 152
1865 185
1865 480
1865 2058
438 1703
438 333
1904 438
438 2197
374 438
2933 438
2745 438
260 438
1041 260
1714 438
438 29
329 438
1964 1860
22 1860
410 22
410 664
22 373
373 1168
1754 373
373 1440
1277 22
430 22
2019 1964
532 2019
1347 2019
443 2019
736 443
2019 2693
2019 501
501 428
428 2673
2019 1042
1905 2019
2019 1070
2019 732
732 1582
1582 2527
2019 387
2019 2660
2019 954
2019 658
2019 150
1964 571
2813 571
2813 1148
2813 1774
1370 571
1370 1624
1624 917
1370 351
2958 571
1144 2958
2958 2918
2958 341
2958 2805
804 2805
2016 804
804 772
571 2349
2349 434
2534 2349
2106 2349
1549 571
720 1549
2885 1549
504 1549
1577 571
1418 571
1964 2901
2901 635
635 2005
635 1889
1889 1601
137 2901
2901 1571
619 2901
2901 2623
2015 2623
2901 2165
2633 2901
621 2901
834 621
1976 621
621 2181
621 220
1265 1964
602 1265
1493 602
2296 1493
1265 1777
1777 176
1265 1893
1893 1169
1169 2194
2588 1265
2588 105
1265 2493
1500 2493
1265 2635
2635 1322
1322 494
903 1265
903 1452
820 903
903 592
1265 2988
2104 2988
2104 290
290 2789
2104 2475
212 2475
2988 1005
2686 1005
2551 1005
1032 1265
2411 1032
1946 1032
2395 1205
2395 775
775 1573
1573 868
1573 2036
933 1573
933 2258
1573 958
269 1573
1173 1573
521 1573
775 1001
1578 1001
2357 1578
2823 775
114 2823
2823 102
775 2911
2911 2309
1069 2911
369 775
369 655
369 570
1231 570
27 775
27 481
261 481
27 2559
27 1938
1481 27
27 468
2229 27
2330 27
775 976
1029 976
976 139
1897 976
1646 775
1646 2941
2941 2652
2652 1737
1737 1932
2688 1737
2941 2702
258 775
2617 258
2889 258
78 258
2721 258
14 258
1566 258
585 775
585 810
2600 585
2512 775
1292 2512
2512 2592
2512 2589
2532 2512
2512 1558
1133 1558
708 2512
708 672
1391 2512
2471 2512
2512 561
1864 2512
55 2395
1963 55
1963 645
1009 1963
2149 1963
1963 1028
1963 302
1963 930
1914 55
1914 446
1193 1914
2315 1914
1869 55
1869 1377
1869 2054
2295 55
724 55
724 932
932 2604
2604 1900
2261 55
2261 1827
2260 55
2260 2830
403 55
1738 55
55 358
2916 358
2398 358
358 1251
1251 2220
1918 2220
1155 358
358 894
2580 358
55 987
55 530
960 530
2852 55
31 55
31 2419
2419 196
196 1913
505 55
662 505
425 662
2395 1898
73 1898
2864 73
2864 130
524 1898
1742 1898
1742 2482
1898 1843
1843 143
1190 143
1898 1584
352 1898
1908 352
1898 1672
2498 1672
2674 1672
1898 1431
2981 1898
828 2981
1172 1898
1686 1898
1673 1898
1673 2000
39 2000
1015 1898
1015 936
1898 2367
109 2367
2846 109
2846 580
2367 712
1898 2856
758 1898
1898 2792
2792 1154
355 1154
2792 1044
400 2395
1698 400
742 1698
742 2869
591 1698
575 591
983 591
1263 983
983 1958
2874 1698
2874 2278
740 2278
2874 887
400 1720
777 1720
1674 777
777 1456
1720 2616
1720 588
2626 588
986 588
588 2664
400 2555
2519 2555
2519 498
717 498
717 156
156 1242
1242 531
919 400
177 919
177 624
624 866
866 2438
2161 177
2068 2161
2496 2161
177 659
400 134
2404 134
134 926
134 1941
2492 134
1340 400
1340 2009
2009 402
284 2395
2180 284
2250 2180
1140 2250
2160 2180
1460 2180
2180 485
2180 1997
1004 2180
1282 284
111 1282
1282 2812
183 2812
293 1282
716 1282
284 569
569 1071
569 1999
995 569
2141 284
310 2141
796 310
796 1959
284 934
934 2887
2887 51
2234 284
1276 2234
2234 1114
2434 2234
2234 2249
2567 2249
2249 1200
1990 2234
2190 1990
683 2190
683 1189
927 284
1256 927
927 35
1091 927
2505 927
927 1366
927 1498
284 2207
1700 2207
2207 233
1957 233
405 2395
405 609
405 2504
405 1596
1678 405
1217 405
900 405
900 1420
1420 247
217 1420
900 2578
2578 2572
334 2578
405 2948
1877 405
405 706
706 316
706 1328
405 905
1081 405
1288 1081
2317 405
255 2317
405 1406
1406 2083
780 2083
2436 780
1406 2013
2323 1406
1406 127
405 2834
405 1178
75 405
2395 1640
1724 1640
2651 1724
50 1724
1709 50
2531 1640
1992 2531
2400 2531
1257 2400
2531 2017
2531 2798
354 2531
1640 2733
1640 1317
1317 1887
1286 1887
1887 2969
1853 1317
1586 1317
1640 1467
1467 1565
1565 1496
1496 385
2267 385
2936 1565
1640 2020
2776 2020
16 2776
2020 2768
943 1640
1640 380
1640 2788
2972 2788
2788 1846
2340 2788
1053 1640
1053 2946
1053 2326
1053 2563
2408 1640
1567 2408
859 2408
2395 148
629 148
148 87
2079 87
2079 755
2079 1916
148 1400
2506 1400
2506 2640
535 148
2364 535
289 535
950 289
148 386
1926 386
829 386
2237 386
948 386
2962 948
857 386
1763 386
1421 148
336 1421
1421 1443
276 1421
656 1421
2489 148
2489 1569
1569 2772
774 1569
2829 774
2489 841
2465 148
1405 148
148 776
776 593
593 545
215 593
623 215
623 695
299 776
178 299
474 178
1880 178
178 2109
178 1507
148 2573
1786 2573
2573 1701
1553 148
1553 2168
2168 1360
148 1306
2395 612
612 2038
2038 1729
2842 612
612 577
577 74
612 2540
1066 612
1066 1540
1540 1509
704 1066
612 2026
612 2561
612 1765
1110 612
612 2787
1802 2787
1802 513
2787 730
612 993
767 612
1570 767
2136 767
767 2283
767 791
612 1837
612 1392
1768 1392
1392 2753
1432 1392
612 1862
763 612
612 1283
2395 801
801 2098
2098 809
2656 809
809 675
809 1639
809 167
809 2175
809 766
1123 809
213 809
1176 213
2134 809
1965 809
809 181
809 149
149 2402
809 1622
2416 809
809 865
865 2537
809 1969
2098 877
2741 877
1849 877
1849 853
429 877
1858 877
2748 1858
2748 2508
1858 2342
877 288
2576 877
1084 877
745 1084
638 745
638 2890
877 95
877 1604
877 2422
877 2470
877 2773
877 199
2098 924
924 1912
2178 1912
106 2178
106 395
1912 2851
1617 2851
2851 1657
1912 1308
1033 1308
1308 1127
1127 549
549 1027
2610 1027
1912 163
163 1404
1404 2541
1045 2541
1266 1404
1205 2401
2971 2401
2971 959
2971 2360
1805 2360
1525 2360
2971 1021
2299 2971
1272 2971
2429 1272
2724 2429
1419 2724
2429 2827
1653 1272
2971 1199
1199 2909
2909 2282
2676 1199
1199 2163
2740 1199
1199 1954
694 2971
1848 694
2838 694
1863 694
1483 694
694 360
378 2971
2971 2920
364 2920
2971 2331
2401 2853
2853 778
778 2587
778 2809
2853 2350
2853 808
808 1207
966 808
2570 966
1061 2853
1666 2853
1666 411
1529 2853
1950 2853
2795 2853
2853 1766
601 1766
1766 785
2548 1766
2853 2413
2669 2853
939 2853
1838 939
939 2615
2615 2804
1304 2853
2853 466
2853 713
1562 2401
1562 259
1423 259
259 2029
259 2888
2841 1562
1228 2841
2442 2841
1562 911
911 2727
1562 2599
2599 2372
2599 1834
2599 1002
1562 542
542 1111
2401 1524
1524 442
1649 442
442 737
2754 737
2754 179
1482 2754
442 869
442 1235
442 558
442 270
442 2358
1746 442
1010 1746
1379 442
442 1019
442 323
898 442
898 893
442 2704
442 2831
2982 442
442 560
2401 1008
1575 1008
1956 1008
1008 414
414 229
229 1359
1359 1299
1008 294
303 294
2763 303
2763 566
294 739
1994 1008
2435 1994
1008 1536
1713 1536
1536 2597
2658 1536
1289 1008
2943 1289
1289 126
1607 1289
1671 1008
1008 2001
2001 1428
1428 962
1008 628
628 2899
1008 33
2549 33
2755 1008
420 2755
2973 420
1008 1949
1949 1719
2327 1719
1057 1949
1057 1098
1760 1949
1255 2401
1255 882
882 312
312 2070
1603 2070
44 1603
2 1603
459 312
2736 312
2736 589
1259 589
1187 312
882 1512
1374 1512
2666 1374
2666 1618
500 1512
500 1535
992 500
500 748
500 2084
2255 882
2255 2536
1823 2536
1823 488
2833 882
2833 2481
2833 325
2833 1017
2833 2336
2336 1429
2833 2433
2833 1878
1255 1260
1732 1260
1260 1237
424 1260
1260 1942
1835 1260
112 1835
1260 997
1260 1309
436 1260
1260 1920
752 1260
1260 2185
1260 747
945 1260
1842 945
1260 1319
58 2401
1781 58
2843 1781
1167 2843
2050 58
279 58
2240 58
2240 2233
2240 2264
1503 2240
58 1112
58 2710
2710 138
58 315
58 2865
2183 2865
2343 2183
751 58
751 1711
1711 2932
1711 559
2872 58
1708 2872
727 1708
727 1492
815 58
815 321
1690 321
1130 1690
2401 2355
1350 2355
2914 1350
1350 2574
2355 1699
1380 1699
2164 2355
2683 2355
331 2355
433 2355
433 554
23 2355
23 43
2355 2130
754 2355
754 1184
1850 1184
1184 1
1661 1184
2355 1430
2355 2738
2738 1371
2245 2738
2355 64
64 2978
2377 64
1828 64
2355 1382
1382 1506
2566 1506
2355 2650
2355 1471
2355 876
876 807
1723 876
1806 2355
1806 1175
1175 1988
867 2401
867 1034
1034 1055
1055 942
48 942
1871 48
2791 48
942 2211
372 942
1068 942
867 1342
1342 1855
1212 1855
2023 1212
1212 1751
1888 1751
1855 2235
2235 1568
1855 2450
714 2450
1219 867
1219 1663
2648 1219
1219 1326
1219 2263
1219 1901
1901 2729
1219 846
1572 1219
1037 1219
1219 1787
2945 1787
2945 2476
1087 1219
781 2401
781 1076
1076 931
1658 1076
1761 1076
557 781
781 1981
2259 1981
1981 2530
1416 781
794 781
781 2896
781 1103
1103 1771
1552 1103
1883 781
781 2361
216 781
781 516
781 1096
1096 407
407 1150
703 407
1356 1096
781 86
2627 781
2627 348
1537 2627
1537 2333
781 2857
1075 2857
1623 1075
2757 1075
218 1075
1413 781
1413 1410
1906 2401
1906 1160
2143 1906
1748 2143
1436 2143
1633 1906
2781 1906
2956 1906
1906 2806
1906 784
1906 2938
1906 2717
1906 2127
2321 1906
2210 1906
1906 2986
118 1906
1906 892
1906 803
2523 1906
2523 2868
2523 1809
2401 1654
2586 1654
1654 2579
2579 1163
1163 2716
2908 1654
2908 1939
1939 1122
1654 2984
2984 759
2954 2984
264 1654
462 264
1995 462
2765 462
264 2596
1654 123
2849 1654
2022 2849
1654 1118
365 1118
1779 1654
1779 886
1779 291
1149 291
2007 291
1654 432
2401 572
572 1773
1337 572
1337 3
2796 1337
572 1727
1727 398
2695 572
2695 1581
1581 1692
2913 2695
2913 2935
166 572
166 2522
166 579
1968 166
572 2488
1757 2488
195 2488
2417 2488
1664 572
616 572
616 1295
2030 616
2347 2030
1829 2030
2089 2030
572 1022
1857 1022
1022 1131
1353 1022
381 1022
600 1022
1022 2502
572 170
572 797
2401 598
598 440
598 611
1294 611
611 928
2021 928
598 773
682 773
773 753
598 1971
973 598
2708 973
598 2701
2701 1332
1332 2205
880 2701
880 1514
598 915
1281 915
1762 598
1414 1762
1414 2291
1588 598
467 1588
322 598
322 2147
979 322
1491 598
1274 1491
1611 1491
1491 20
20 2392
1491 709
2401 1052
2073 1052
2073 128
2073 133
2214 1052
2063 2214
2214 2081
2214 1555
2214 2196
2214 873
1660 1052
1065 1660
1660 1910
1910 397
1052 2999
207 2999
1952 207
1052 456
456 1881
456 786
590 456
456 1261
187 1052
187 897
1147 897
1813 187
1052 2048
25 1052
1121 1052
1121 2380
2002 2380
2002 471
2905 471
471 2624
1136 2380
2356 1121
2356 937
40 1052
2401 633
633 396
2396 396
2396 2944
2944 1945
586 1945
518 396
396 2171
940 2171
1363 2171
2271 2171
582 2171
2171 1407
180 1407
1407 2949
2171 2832
2513 2171
1856 2513
2513 314
669 314
665 396
2464 396
2464 757
1116 757
1935 2464
1551 1935
1935 1594
1935 2634
1499 396
1518 396
53 396
396 88
396 1185
2723 396
2723 817
817 2618
2723 194
223 396
396 2514
396 2427
1205 469
469 1138
1138 1233
1233 2930
2467 2930
2467 237
222 2467
1621 2467
2930 2269
883 2930
883 743
901 883
901 2184
2930 2873
2461 2873
1233 805
805 912
912 1375
2449 805
1174 805
297 805
2454 805
2562 805
2328 2562
2463 2562
2463 526
805 1526
805 1599
2739 805
2014 805
2014 2494
805 2072
1238 2072
2072 1728
193 1233
230 193
349 230
193 654
193 2252
193 42
193 1000
1233 599
304 599
304 2950
1691 599
119 1233
1128 119
1892 119
1892 1291
2012 1892
2012 2507
1233 2359
2359 2122
2275 2359
2732 2359
2732 2102
2359 157
2359 1369
487 2359
2359 636
1233 1403
1403 401
1403 2088
1998 1403
1998 1031
1923 1403
502 1233
502 2824
377 502
502 2110
1233 2520
449 2520
637 2520
2696 637
2520 2069
2382 2520
2382 700
700 1466
2382 1815
2383 2520
1233 210
439 210
210 2111
2569 1233
574 2569
1233 860
1271 860
1851 1138
147 1851
1851 262
262 2722
262 1336
262 2431
2431 840
840 38
262 2699
2699 1135
2293 262
1302 262
956 1851
2399 956
1595 956
173 956
956 2668
2668 340
1851 1984
1680 1984
1984 2560
1984 1795
1984 2891
1984 2219
843 1851
550 843
843 1389
843 2877
201 843
843 2462
843 520
520 1164
520 1072
520 1564
843 308
843 1437
843 2511
2819 843
2546 843
2546 346
1591 2546
1851 1812
1812 2246
2521 1851
2521 1093
2521 698
1083 2521
1385 2521
2521 1811
1811 974
974 2590
2590 2924
1985 2521
2451 2521
2521 849
2542 2521
1851 1220
1220 1225
2067 1225
2120 1225
2120 1739
1220 969
1487 1220
1487 1162
795 1162
1220 2622
2867 2622
2867 2608
1220 1695
1695 2230
2155 2230
2230 2371
2371 971
235 1220
1808 1220
2677 1851
2677 2091
594 2091
2124 1851
6 2124
1637 2124
2124 1511
833 2124
1138 2273
2236 2273
2987 2236
2236 1685
1769 2236
1620 2236
1134 2236
1134 2602
1134 1463
2276 1134
2236 1227
2236 847
1712 2236
2236 1368
1368 685
1368 2306
2273 2031
209 2031
209 722
2025 209
209 879
209 2499
2922 209
779 2031
1538 779
2915 1538
1538 1073
359 779
541 779
490 2031
2726 490
490 1351
851 490
1086 2031
2273 328
328 1726
2424 1726
608 2424
1519 608
1589 2424
1987 1589
1303 1726
1726 1177
1940 328
567 1940
567 855
1818 1940
1818 268
1940 1085
1758 1940
2273 503
503 72
503 1744
503 2262
503 1614
539 503
503 1451
907 1451
503 2432
506 503
239 503
2545 239
2545 671
941 503
503 2605
503 1681
2273 620
1804 620
620 2187
2516 2187
2187 1630
2138 1630
2128 620
823 2128
823 1527
475 2128
517 475
517 2816
30 620
2552 30
2552 854
620 1861
1861 2066
1861 634
1861 265
248 265
2839 1861
2645 2839
2844 2645
2645 1717
1517 1861
1517 2655
98 1138
98 1025
1025 225
1770 225
225 2378
225 1560
225 1119
848 225
2790 225
418 1025
1919 418
418 2231
418 970
2497 418
418 1054
47 418
418 1689
418 2100
1035 418
104 1025
104 1973
2381 104
104 81
104 1705
104 2170
2052 2170
1025 968
968 91
968 2725
968 1221
1249 968
968 1094
1141 968
168 968
1025 2517
2961 2517
1025 344
344 595
2145 344
2483 344
344 576
344 10
344 1841
344 1876
344 1465
1659 344
904 344
904 2176
1894 344
344 691
1485 344
538 1485
538 2345
2345 1011
1062 1025
2107 1062
726 1062
726 2179
1062 444
1062 1153
1852 1062
1826 1062
2510 1062
1933 1025
1933 285
2931 1933
1933 151
1933 2543
1743 1933
1933 13
1933 342
1025 1372
583 1372
583 1427
1245 583
1245 1702
1372 604
920 1372
1372 2103
1372 525
1267 1372
1267 2619
540 1025
441 540
540 1279
1279 2793
540 366
463 540
825 463
2129 463
2129 2268
540 1333
1333 483
1333 2204
2204 2719
540 630
1355 630
1476 540
66 1476
1875 1025
2518 1138
528 2518
528 2459
250 2459
2518 252
252 819
376 819
1036 376
1036 2682
819 1183
1183 2893
1183 184
184 2420
1183 2665
2518 2423
2783 2423
2783 2900
2900 1204
69 2423
2747 2423
160 2747
2747 951
953 2423
2423 335
1734 2518
824 1734
824 93
1734 2065
2518 2855
1007 2855
2518 2892
2518 2389
2389 2024
129 2389
1210 2389
1210 1523
228 1523
1247 228
161 2389
154 2389
2518 458
458 874
458 2060
1753 458
232 1753
2352 232
2518 1972
2491 1972
769 1972
2518 1642
2090 2518
1996 2090
2090 606
2090 2737
2737 792
2154 2737
610 2090
2090 2092
2090 522
2518 1756
1756 744
744 734
1196 1756
1756 1331
1138 793
2226 793
2550 2226
2226 2374
2374 852
2847 852
408 2226
2226 2926
2926 1530
1502 1530
2840 2226
2226 2010
2994 2226
1060 793
1060 1791
680 1060
1060 657
1060 2503
1388 1060
2802 1060
1793 1060
692 1060
793 2611
1800 2611
1800 1383
460 1800
1800 274
2611 125
125 1412
1541 1412
1752 1541
998 125
984 2611
984 451
1550 451
1785 984
793 2672
793 2217
2217 750
2223 2217
1479 2217
393 1479
2822 1479
2217 1232
2375 2217
2375 2172
2172 2244
1590 2375
1590 1344
2375 1816
1816 1684
1684 2679
1755 793
1755 1327
1755 1296
1229 1755
1755 861
990 1755
18 1755
1755 182
1755 642
793 764
764 2112
1180 764
764 1250
1250 394
793 2351
2351 2151
2351 2099
2351 2412
793 1398
1505 1398
313 1398
646 1398
1854 646
1398 1528
1398 1600
1461 1398
226 1398
1398 59
1704 793
1925 1704
1704 1631
2132 1631
2132 1104
1631 1142
1868 1704
1868 158
158 749
1704 2706
2690 793
2452 2690
1211 2690
2690 1240
2629 2690
2126 2690
2690 251
2690 1731
457 1731
878 2690
1924 2690
1924 1682
477 2690
2690 1722
707 1205
2444 707
1490 2444
1615 1490
1615 2828
455 2828
1464 455
2653 1490
1106 2653
1026 1106
552 1026
650 2653
650 1643
1411 1643
2653 1040
1490 2715
2715 1208
2675 1208
2667 1208
1490 999
999 676
999 1970
2876 999
1478 2876
1314 1478
641 2876
999 1014
1490 955
955 2644
2866 955
955 1018
1126 955
955 350
7 955
2335 955
955 2685
955 1264
327 955
955 1343
2952 955
2311 1490
1490 1305
1305 2711
1305 1064
1064 2875
982 2875
146 1490
101 146
1477 101
101 242
768 242
101 2612
101 2814
2186 146
1612 2186
2186 1930
614 2186
146 2691
2500 2691
1105 1490
1105 2247
2526 1490
245 2526
245 1373
379 245
379 756
2526 135
684 1490
684 103
103 324
324 1321
103 1501
1230 103
1100 684
1268 684
12 684
189 684
1408 189
2448 684
1364 684
684 1050
1694 1490
1694 2105
1694 2148
2272 1694
1694 221
2418 1694
2215 2444
2270 2215
2657 2215
2657 2119
2119 2369
2797 2215
686 2797
2780 686
2797 2746
2845 2215
653 2845
416 2215
416 2076
416 2778
2215 2034
267 2034
2034 2248
5 2034
5 627
627 2279
523 2279
2215 2300
643 2300
2215 565
565 802
2764 802
568 2764
2495 2764
1644 565
1644 1345
2042 1345
565 2995
2995 1670
1244 565
2692 2215
1216 2692
1929 1216
2215 1278
1278 1156
1156 1521
1521 2458
497 2215
497 988
562 497
2779 497
2215 2004
2215 2687
2687 2379
2379 2032
707 2583
2583 2325
1246 2325
2325 2415
1610 2325
2325 1376
2325 1409
2325 2575
2008 2325
2583 618
618 2678
2678 54
345 54
2858 345
1472 54
661 618
661 1056
65 1056
1450 1056
618 1840
2583 198
1583 198
2055 198
2955 198
2955 2363
2583 1687
663 1687
85 1687
1951 1687
1687 1120
1393 2583
1393 2897
1393 357
584 1393
1393 835
1393 208
431 1393
2406 1393
1393 169
1393 2087
1393 573
677 1393
1393 1348
2583 1415
192 1415
1415 838
353 1415
1415 21
2735 1415
935 1415
1415 2953
2583 806
806 2871
2871 224
2139 2871
2871 1300
1797 806
2583 1707
238 1707
2062 238
731 238
2743 731
1830 2743
719 238
238 83
1707 2430
2649 2430
1080 2649
534 2649
1473 2649
419 2430
300 2430
1580 2430
1580 733
1609 1580
1063 2430
257 2583
257 197
197 981
257 2917
1495 257
2474 257
257 1677
257 2607
1895 2607
2883 1895
1895 1730
2607 2670
2670 2771
257 2133
787 2583
787 286
2881 787
2397 787
787 1170
1170 1213
1213 1092
1213 2577
1457 787
2232 2583
1749 2232
2082 1749
964 2082
1749 2808
2997 1749
2232 117
631 117
631 2003
1632 2232
1632 723
723 1446
2174 2583
2174 2921
2174 1182
1557 2174
2174 527
2348 2174
1474 2174
2209 1474
1574 1474
922 1574
2174 1453
1254 2174
2174 2654
2174 1090
1814 2174
2174 2225
2583 1458
450 1458
450 961
923 450
1258 1458
1258 2353
2353 1239
2985 1239
2985 2564
1258 696
696 1544
696 2373
8 2583
8 1334
1334 899
1188 899
2251 1334
2817 1334
2253 707
2253 1088
885 1088
1747 885
1088 1825
647 1088
1922 647
1435 1922
1252 647
647 2968
2253 831
305 831
831 967
1152 831
1803 2253
1198 1803
1198 2940
1198 11
947 1803
947 2628
1803 2053
2053 1679
2053 2929
1934 2253
1636 1934
1636 1082
1132 1934
1132 1936
2093 2253
2093 171
171 1516
36 1516
100 1516
2967 2093
2967 1844
1807 2093
2093 668
668 996
668 1318
1792 1318
2093 2310
2253 2641
2641 2177
241 2177
2177 1209
2177 564
564 2700
2177 1667
1330 2641
908 1330
1330 339
1330 1561
515 2641
2137 2253
2137 472
965 2137
965 1469
965 2074
965 2698
211 965
211 28
965 2320
965 2713
2238 2137
2238 1497
2238 1741
2117 2253
2140 2117
2140 1776
1776 2447
728 1776
2117 2473
839 2473
839 266
2285 839
2208 839
509 839
2466 2117
24 2253
632 24
24 2114
2242 24
2253 991
2227 991
603 991
991 2078
124 991
2593 991
875 991
875 660
991 952
991 2443
1870 991
2253 1953
1585 1953
1585 790
963 790
1953 2131
1953 2011
2011 1402
2253 2947
2923 2947
1362 2947
701 2947
701 1917
1917 482
1532 482
2835 2947
2253 2826
2193 2826
707 2486
116 2486
116 687
116 2480
1986 116
2630 116
116 1454
2368 116
2368 2906
2803 2906
2712 2906
116 57
399 2486
2290 399
399 2308
2308 994
1145 399
1975 1145
788 1975
399 1903
2158 1903
870 1903
2486 1669
1669 200
200 2292
1665 2292
1665 1882
389 1665
2018 389
1665 1697
1480 1669
648 1480
1515 648
1480 406
2039 1669
2199 2039
1669 1598
1669 90
90 2760
90 1635
2142 1669
2486 837
837 596
596 2613
2810 2613
1016 837
2135 1016
1911 2135
2305 1911
2135 1234
1676 2135
2135 2407
816 2407
2135 2963
2135 1545
670 2135
1280 837
2441 1280
1280 60
2646 1280
375 1280
375 798
375 836
1484 836
1107 1280
145 1107
2157 1107
2486 2775
2775 2861
2861 1298
2281 2775
2775 2440
80 2775
2642 2775
2775 70
667 2775
2391 2775
2800 2775
2775 2288
762 2486
762 721
721 547
413 721
2027 721
721 1394
132 721
2169 721
426 721
827 721
1948 2486
188 1948
1243 188
625 1243
2173 188
2085 2173
2469 188
1367 2469
343 188
188 2970
1948 2638
2638 1716
2638 2784
2638 1424
1885 1424
2421 1885
1475 2638
492 1475
93 115 250 317 155 105 253 58 111 266 59 68 186 153 9 132 45 213 157 245 137 279 258 4 223 104 205 53 318 207 183 21 321 43 16 154 147 200 212 189 144 270 257 262 33 197 4 9 20 92 185 157 50 122 160 272 225 43 257 153 249 118 174 180 160 121 13 307 321 156 106 143 104 41 15 68 169 271 8 189 42 192 24 91 245 115 294 148 89 229 301 269 25 153 127 117 273 139 34 204 294 139 26 8 112 293 7 280 243 14 79 216 138 102 306 61 216 210 141 304 50 52 251 74 136 57 190 87 127 155 223 100 294 248 39 84 151 46 295 4 312 53 219 128 86 135 121 302 24 261 216 73 312 78 78 126 66 200 144 124 33 45 223 258 224 194 20 307 239 315 310 229 299 208 289 63 21 88 296 297 280 191 48 270 200 58 6 197 189 149 320 221 126 154 158 281 26 109 266 264 34 255 103 11 141 2 74 93 89 48 69 47 170 48 248 301 105 253 176 293 13 107 125 138 260 214 97 217 1 295 159 35 228 193 298 300 195 303 71 215 283 139 194 63 187 120 43 223 305 150 127 249 256 251 318 126 143 25 21 75 319 111 41 225 236 18 203 41 320 274 255 281 23 59 23 209 111 318 43 94 78 169 274 266 98 270 70 172 294 23 246 292 65 287 127 300 236 9 19 166 214 274 126 236 264 80 56 53 8 98 78 85 266 30 29 295 299 99 77 272 53 1 174 117 219 300 96 65 240 114 231 132 319 288 300 194 46 34 246 53 63 3 137 7 32 98 233 10 196 309 213 180 241 318 296 71 296 2 67 147 116 297 278 45 263 256 238 240 221 95 292 283 97 40 221 60 137 132 69 264 51 213 122 224 141 28 226 48 30 292 194 77 268 150 53 141 17 223 60 237 317 30 199 92 1 98 151 69 162 152 11 144 296 64 46 116 92 271 163 121 242 35 197 120 116 249 260 132 150 319 48 77 281 178 168 213 275 251 282 47 13 292 191 240 35 236 287 58 118 128 178 291 94 306 89 142 165 280 273 247 210 252 2 169 40 102 313 247 31 273 293 296 176 162 214 210 9 112 199 58 171 308 27 265 292 47 17 135 5 221 60 146 152 315 314 123 95 306 48 57 189 20 31 43 113 176 184 53 287 61 110 69 47 136 265 270 114 281 84 119 180 75 264 263 68 189 65 162 105 112 218 225 131 180 268 176 288 130 228 185 123 17 253 169 84 196 118 198 155 133 248 267 139 122 208 207 242 272 300 25 316 129 182 57 240 128 232 206 189 139 2 311 87 186 91 170 61 140 46 147 204 293 24 21 94 232 227 14 114 138 292 108 266 84 97 116 211 7 1 10 77 255 253 163 119 22 265 111 93 310 258 296 214 213 316 239 123 154 184 169 223 86 208 167 169 304 282 311 311 214 321 319 79 252 161 198 205 36 308 297 24 176 271 169 68 197 86 122 282 202 290 183 287 177 281 135 91 174 56 80 319 55 78 77 238 170 274 121 205 192 28 160 300 230 8 299 38 25 31 319 226 253 181 124 40 140 190 130 313 245 142 311 300 151 319 148 252 203 201 135 73 228 226 304 137 165 213 174 122 176 103 26 107 283 149 146 34 270 207 25 194 27 267 104 109 264 251 39 145 130 105 150 290 10 64 37 106 209 142 227 63 244 253 169 206 12 246 239 282 63 195 86 90 73 189 198 268 118 169 24 180 273 105 148 282 100 184 320 308 4 225 49 179 88 149 63 32 5 233 245 68 39 9 89 43 197 286 310 246 65 265 36 17 48 115 230 80 230 228 66 233 132 47 91 219 195 85 182 132 250 105 199 288 113 287 262 241 183 250 98 248 126 133 264 105 248 172 184 156 11 250 321 142 228 22 292 101 38 153 164 287 189 41 185 302 6 125 153 121 307 250 47 111 315 242 215 173 24 10 7 34 259 259 107 165 212 78 197 250 162 40 215 29 12 11 262 271 135 94 70 52 275 48 162 268 289 309 119 312 318 58 25 187 248 131 283 139 140 90 320 301 129 213 262 73 155 202 22 290 227 91 273 113 138 46 312 37 33 42 27 282 99 51 79 278 114 40 27 253 129 25 165 190 170 105 262 3 238 283 224 76 305 176 188 53 221 110 89 185 151 47 145 181 30 223 138 143 194 164 6 1 189 170 190 37 206 62 292 55 276 195 130 191 49 249 243 201 37 263 64 188 242 140 300 271 294 116 24 166 212 29 166 11 131 288 300 15 28 270 69 236 143 130 105 123 310 280 2 279 153 318 77 73 136 55 275 108 171 298 273 314 6 50 3 68 16 302 82 296 250 83 210 4 144 315 58 133 273 60 22 36 309 98 109 124 152 62 231 254 39 115 178 297 164 180 43 111 92 56 17 274 70 227 277 214 152 266 278 35 257 299 70 245 75 110 47 158 172 209 23 142 2 200 49 97 59 23 207 82 78 156 34 148 61 242 40 144 187 249 178 122 226 179 45 232 289 91 321 71 232 22 212 233 222 192 262 212 214 79 293 291 234 259 49 294 179 20 48 44 268 225 98 172 15 142 14 303 165 14 52 75 35 195 239 188 65 179 10 278 258 235 179 170 172 228 75 29 247 122 5 194 279 102 297 293 243 243 206 18 256 257 92 222 130 10 21 126 188 30 82 56 264 260 226 114 98 300 143 24 32 79 149 310 180 124 281 33 45 165 51 232 32 74 133 93 15 153 218 135 114 231 190 57 102 94 170 199 4 244 154 36 1 302 24 112 105 237 145 81 12 127 313 44 200 56 68 215 140 218 28 253 127 149 309 160 243 90 38 178 265 191 213 266 172 237 309 208 84 132 220 95 190 211 70 69 198 138 215 16 34 174 269 92 1 256 252 175 277 221 32 221 22 244 97 125 91 84 11 174 148 163 201 16 52 270 84 250 18 230 197 51 82 144 75 15 11 5 189 287 157 220 118 178 143 214 303 165 298 245 18 56 86 150 71 70 98 87 251 116 316 126 98 9 202 104 23 212 108 211 109 196 42 159 53 116 51 287 280 280 210 229 14 228 57 17 297 87 103 158 202 29 283 231 290 95 14 312 238 53 134 26 249 175 116 233 222 166 198 180 57 18 20 2 177 76 18 84 162 52 241 295 13 135 137 302 229 150 225 146 134 37 103 314 143 218 225 43 315 33 154 50 304 173 52 159 181 1 243 274 53 94 180 65 228 316 298 68 76 201 213 209 237 247 202 311 143 37 285 136 70 118 118 305 222 169 142 13 101 316 287 85 21 145 149 180 71 126 247 146 258 70 33 174 316 166 95 69 203 59 205 204 108 254 187 261 33 260 274 133 187 171 218 207 247 298 65 317 34 244 141 292 313 105 76 240 271 170 308 84 160 123 219 199 55 16 139 87 207 23 220 72 125 48 210 50 24 207 45 58 61 117 281 52 221 35 291 102 136 210 117 296 11 14 173 66 29 243 152 236 197 303 239 321 29 60 49 53 266 25 42 5 141 1 309 294 288 211 6 102 99 123 8 41 68 113 106 97 34 190 264 231 103 113 162 132 172 211 116 48 167 89 305 240 21 225 144 308 46 149 88 144 271 28 116 18 140 222 46 173 22 241 14 124 285 176 187 68 318 234 47 163 1 31 13 21 187 156 7 232 305 27 307 186 54 101 135 193 254 180 297 275 31 243 10 248 97 128 315 93 41 40 187 41 2 200 315 188 34 321 30 270 279 15 135 264 48 269 67 301 60 43 187 22 217 128 269 313 255 262 16 295 302 134 268 235 12 261 102 299 192 63 247 82 78 313 24 125 261 91 36 252 65 222 273 281 281 221 204 215 93 151 120 5 284 66 240 228 5 273 205 129 14 62 210 23 54 165 79 314 187 115 176 251 268 127 142 228 279 277 53 51 106 172 308 69 238 226 296 174 109 111 234 123 172 122 145 225 287 224 149 84 270 3 14 216 62 87 54 19 43 106 1 80 278 309 148 126 145 54 231 254 164 144 55 15 197 131 171 94 286 320 178 166 254 123 61 315 209 46 266 183 152 266 263 40 253 21 165 9 7 6 262 170 149 248 116 278 310 219 50 207 149 227 51 81 281 111 7 101 89 272 283 240 216 156 211 80 109 307 88 115 312 281 216 72 207 264 28 127 161 9 12 309 168 63 321 127 105 6 227 193 277 189 43 172 276 253 183 63 238 202 109 161 161 257 232 299 199 191 36 291 199 48 278 45 42 209 172 146 215 77 271 102 197 245 205 84 177 66 78 25 267 187 185 38 54 27 268 252 217 304 221 95 30 109 71 71 317 242 148 142 251 29 244 58 274 127 73 61 193 151 17 70 269 134 40 1 160 307 252 309 289 83 14 250 191 84 320 118 258 79 260 119 39 182 108 244 308 181 236 179 263 253 181 142 318 220 142 156 205 4 75 173 86 20 101 208 36 32 4 225 42 263 275 12 123 61 256 110 173 170 220 114 33 11 255 29 230 7 117 46 10 191 150 27 143 182 166 178 145 102 81 186 43 34 130 98 26 64 139 199 165 290 244 198 301 110 158 209 116 274 186 58 76 14 16 218 196 182 74 19 283 86 137 257 51 266 33 76 261 103 274 104 72 129 233 51 238 70 191 32 22 309 89 97 1 105 246 196 218 319 215 111 15 283 299 65 227 11 141 166 45 25 269 116 153 113 98 69 182 221 101 203 208 121 232 208 157 156 15 306 86 161 95 32 122 73 97 27 15 169 124 312 193 3 39 278 115 136 25 228 288 57 42 106 110 273 246 266 39 260 183 56 31 209 88 152 281 116 110 227 284 165 218 155 167 256 111 214 2 68 120 222 56 161 6 165 44 183 42 83 121 224 70 83 111 157 234 3 204 275 161 166 50 310 253 217 244 295 109 178 41 160 10 97 321 15 193 43 198 234 57 250 136 127 12 179 215 177 113 98 63 273 195 112 262 126 260 116 32 300 293 72 139 234 100 138 249 225 112 57 137 169 238 205 295 181 62 120 290 174 217 284 57 23 6 318 148 266 113 179 244 16 183 314 250 214 62 109 117 174 97 186 274 266 69 179 58 62 298 26 167 126 241 223 148 246 152 227 122 264 17 45 211 199 290 71 23 31 111 140 136 207 4 88 84 4 266 141 65 174 98 163 299 17 64 57 262 215 284 316 89 300 39 232 109 260 302 131 222 92 202 36 230 137 123 313 140 320 64 136 173 161 298 82 177 294 71 50 119 33 44 140 264 14 50 51 205 30 113 106 53 315 141 283 62 196 206 134 126 270 201 230 41 178 312 150 82 314 199 200 25 174 18 288 119 320 270 2 29 61 39 13 307 180 227 48 307 112 113 111 313 313 20 32 101 263 181 114 255 311 314 211 95 263 109 213 194 57 147 154 49 185 166 35 296 72 14 213 115 58 3 106 49 275 137 150 148 250 263 13 239 187 155 13 61 263 157 254 251 235 86 299 31 183 265 258 254 278 150 47 14 84 84 316 290 221 76 116 81 270 60 319 68 146 263 60 87 31 313 16 265 9 246 295 123 190 232 56 78 60 34 24 75 118 18 43 270 25 90 29 294 149 279 40 294 153 99 312 183 22 259 126 283 183 32 85 304 195 72 314 254 37 16 260 154 286 302 34 242 70 315 214 150 205 186 122 36 216 44 150 170 302 275 63 95 238 79 10 111 150 2 296 119 270 234 204 166 214 238 86 283 163 231 111 46 95 164 13 243 207 162 23 119 48 85 146 217 164 155 7 245 88 302 42 36 215 246 201 39 94 218 254 256 127 43 234 154 139 246 75 277 19 29 75 319 113 220 214 208 306 220 132 72 133 105 107 279 29 239 249 54 135 181 310 193 156 154 25 294 10 31 249 28 59 255 278 172 85 171 311 1 1 121 72 65 158 110 22 118 280 271 172 25 130 92 218 217 245 242 189 254 205 49 214 263 235 170 45 252 272 35 252 273 87 3 269 244 44 291 41 3 172 144 27 233 235 244 129 90 97 317 22 301 297 167 242 211 269 219 73 219 253 3 102 18 5 303 194 302 272 234 304 54 56 262 286 222 117 93 311 213 21 264 124 249 42 297 70 310 194 142 139 125 145 173 75 81 154 268 61 36 112 296 89 167 237 53 320 32 78 309 244 30 183 299 278 224 274 27 212 147 100 283 203 244 66 277 257 219 155 317 186 266 292 274 43 139 258 41 170 267 281 24 296 143 1 185 45 274 143 189 31 242 82 234 97 147 121 32 297 276 280 161 220 250 113 195 320 302 235 168 248 127 123 154 269 123 17 245 8 91 44 291 12 125 203 40 271 256 71 246 142 29 85 293 211 129 166 209 42 12 309 221 138 110 53 17 165 2 261 104 92 305 73 35 108 208 74 311 142 76 235 283 105 252 254 247 312 31 134 32 42 121 252 179 163 237 195 6 238 66 109 261 49 113 228 89 320 233 78 72 309 244 33 24 106 219 270 97 249 82 128 222 135 312 79 229 227 205 166 143 202 206 14 183 318 241 271 317 153 280 67 140 134 32 163 240 182 43 15 41 56 74 262 122 64 272 29 290 87 194 43 288 78 57 149 7 297 30 2 60 309 321 131 122 284 225 293 144 267 307 184 2 59 56 123 123 6 152 23 92 277 66 312 287 122 139 293 29 101 226 21 88 225 151 141 120 308 112 195 253 29 311 254 20 45 309 74 304 71 96 6 26 161 317 312 214 67 215 175 167 119 127 186 276 209 259 74 195 302 268 127 10 257 312 29 234 299
