10
96
0 31
0 35
18 40
35 65
17 23
18 51
31 24
60 61
60 37
1 66
59 22
35 45
31 75
60 3
80 95
31 82
80 16
18 11
31 69
60 32
60 14
57 48
57 78
80 2
60 15
18 4
18 43
60 56
18 79
31 10
0 30
0 60
57 88
1 85
57 91
57 47
35 87
1 54
0 18
59 67
60 20
85 38
1 52
0 83
35 36
59 86
57 93
80 90
0 1
59 70
35 55
35 76
0 57
57 53
80 63
57 34
1 49
72 73
31 39
1 29
57 44
1 26
60 94
18 28
80 72
0 59
60 21
18 68
35 46
36 84
33 81
31 33
80 5
35 25
59 8
59 6
1 17
80 92
80 50
59 71
45 42
18 74
18 27
1 7
18 13
59 19
35 12
59 64
59 58
80 41
59 9
35 77
31 62
57 89
0 80
88
39 15
44 1
18 34
44 84
5 76
5 24
0 81
23 16
71 57
11 68
81 63
39 22
23 87
81 80
39 33
44 19
0 5
44 25
44 72
81 37
71 12
11 4
39 82
11 54
23 50
5 74
0 11
39 31
23 65
18 66
81 9
23 48
18 42
23 67
18 45
23 83
39 79
5 28
0 86
23 73
39 52
0 2
5 6
71 78
0 23
11 60
5 59
23 17
0 39
11 14
81 64
44 29
23 41
44 49
71 30
81 53
5 47
0 71
71 43
44 77
11 69
0 44
44 70
81 3
0 18
11 36
18 26
18 38
81 10
71 40
71 62
18 21
18 75
71 55
5 27
71 32
71 7
39 20
18 8
39 61
44 85
39 35
5 46
5 51
11 56
18 58
11 13
100
0 14
0 51
0 62
0 41
0 67
0 56
0 50
0 92
30 59
0 94
0 78
0 87
0 60
0 17
33 28
0 31
0 29
76 10
0 61
35 22
0 8
0 85
0 48
0 21
0 54
0 39
0 91
0 93
0 40
95 53
0 16
0 52
0 5
0 79
0 55
0 66
0 12
0 23
0 69
0 37
0 26
0 63
0 18
0 65
7 4
0 47
0 13
0 32
78 9
0 25
0 30
0 35
0 64
1 57
0 84
0 70
0 6
0 80
1 45
0 20
0 46
0 89
0 72
0 96
0 24
72 76
0 15
0 43
0 90
65 2
0 34
0 33
0 27
0 36
0 44
16 7
0 88
67 73
0 3
0 19
0 86
0 42
0 77
0 82
0 49
0 38
37 97
0 74
0 83
0 1
0 81
0 95
0 11
0 98
0 58
0 99
0 68
25 71
0 75
85
0 81
0 61
0 77
0 26
0 21
0 60
0 51
0 42
0 3
0 34
0 37
0 74
0 28
0 57
0 80
0 83
0 44
0 50
0 15
0 4
0 67
0 70
0 33
0 5
0 23
0 47
0 65
0 59
0 22
0 32
0 10
0 69
0 52
0 7
0 27
0 13
0 25
0 38
0 54
0 72
0 46
0 20
0 41
0 71
0 79
0 16
0 73
0 40
0 49
0 24
0 8
0 39
0 6
0 18
0 55
0 58
0 11
0 63
0 19
0 31
0 9
0 75
0 12
0 62
0 76
0 2
0 1
0 17
0 82
0 78
0 68
0 29
0 56
0 36
0 45
0 43
0 30
0 64
0 14
0 48
0 35
0 53
0 84
0 66
98
17 86
71 17
96 13
58 80
91 18
26 50
73 26
69 47
72 48
3 63
76 85
64 20
42 79
90 11
41 0
65 39
72 82
86 77
18 2
79 38
1 53
78 33
90 22
65 57
53 81
6 84
4 25
26 82
68 2
37 59
82 90
7 47
46 56
75 53
78 54
66 45
74 22
22 60
85 36
53 52
35 24
88 76
21 53
67 74
65 56
89 54
22 87
38 58
26 24
26 41
36 95
78 52
51 76
47 16
44 87
60 28
12 84
19 97
17 10
90 27
82 6
5 82
62 94
61 23
41 2
9 59
32 1
46 43
15 76
2 66
19 81
78 86
92 43
8 2
26 16
53 64
70 96
43 76
58 59
4 31
3 56
29 93
27 70
34 82
80 29
46 61
41 55
78 16
54 40
30 66
65 73
29 49
4 74
27 14
58 46
94 27
83 1
93
24 70
50 32
15 42
15 21
15 10
38 70
22 74
56 9
65 45
85 78
89 65
69 35
28 54
39 55
81 66
21 72
75 18
29 62
90 43
27 29
66 20
23 65
6 11
58 18
64 0
2 41
78 80
28 63
3 79
44 42
20 73
29 61
41 83
7 41
4 23
5 30
60 61
55 26
34 85
82 40
71 88
29 64
15 83
49 66
57 66
6 36
63 66
73 51
28 67
74 86
54 13
64 85
5 31
70 5
91 67
41 36
88 85
29 17
9 41
33 48
65 22
79 21
68 9
16 61
53 61
46 62
31 37
41 33
19 43
87 18
55 1
60 76
14 58
61 89
47 78
89 92
89 5
59 63
40 14
58 39
29 12
64 52
50 67
61 69
50 27
77 35
15 17
25 30
43 17
8 85
24 84
58 28
100
60 7
62 15
13 24
28 48
52 80
91 52
72 80
80 88
30 20
16 36
16 61
44 7
22 17
53 24
99 6
83 76
26 78
17 10
97 95
76 86
27 89
81 44
31 67
38 31
40 26
5 67
25 67
1 58
72 3
57 97
78 6
3 75
41 64
56 39
68 28
79 23
18 25
98 83
1 11
39 12
68 50
68 47
9 70
82 24
54 39
65 11
62 27
49 80
47 83
15 46
9 8
90 71
42 54
29 70
81 73
90 37
4 26
93 55
1 4
93 84
30 58
17 46
66 68
35 45
64 84
39 0
18 35
0 87
89 41
89 70
19 29
57 53
51 61
92 79
49 5
32 91
98 85
53 43
57 25
13 1
28 19
94 40
44 14
20 77
47 33
48 21
74 19
74 63
65 23
73 54
59 72
96 73
97 51
98 60
40 2
90 83
75 62
74 69
57 34
90
37 30
39 63
36 29
9 26
35 78
49 66
38 34
67 60
16 58
56 69
43 14
23 12
5 1
38 47
64 49
54 80
32 59
23 54
65 7
72 78
61 86
58 34
83 69
57 9
76 44
51 81
45 31
57 46
41 26
51 21
79 4
27 79
71 28
32 6
1 0
22 8
86 22
73 31
25 14
48 23
20 50
39 7
61 35
19 5
2 41
47 26
50 4
61 9
27 81
3 87
76 42
86 55
85 8
40 73
62 33
50 52
85 17
69 10
32 24
20 89
62 3
12 6
75 83
84 53
15 16
53 42
65 33
13 1
6 18
81 82
68 78
29 63
72 65
49 45
70 37
89 5
37 34
10 60
0 77
34 74
30 64
12 71
18 14
25 84
54 81
66 25
11 89
65 56
1 88
99
25 45
51 84
31 57
8 49
26 43
27 87
67 71
54 32
50 68
34 81
28 90
52 61
34 11
75 43
35 81
31 98
64 26
12 20
16 90
47 45
37 85
30 9
19 35
38 77
12 7
29 17
26 14
30 88
2 20
26 10
82 23
29 72
26 92
96 9
59 38
98 58
4 76
61 0
86 31
63 70
83 5
93 72
80 86
93 73
41 38
8 42
93 40
38 1
19 3
18 81
91 85
69 57
53 32
68 15
31 92
68 83
93 86
5 16
95 76
45 55
51 81
56 37
0 97
55 74
3 75
76 29
82 66
25 62
36 2
15 24
93 60
27 22
79 96
46 24
61 59
96 94
48 86
31 21
30 54
90 56
63 28
44 42
67 76
18 15
6 17
56 23
89 72
22 37
64 47
32 8
33 27
57 13
61 26
51 49
78 39
78 54
7 65
12 39
89
6 33
87 3
32 27
6 69
36 62
67 73
21 26
60 10
20 71
66 54
77 63
78 8
85 83
52 17
84 14
80 12
23 60
72 56
43 21
9 44
12 79
42 18
35 80
44 13
34 5
16 11
28 64
64 19
87 18
67 83
30 84
32 75
65 7
48 6
38 70
12 11
10 43
53 58
4 19
4 83
12 52
47 54
30 31
65 80
55 62
61 0
78 79
2 34
45 72
53 75
63 15
57 21
82 56
27 45
36 39
38 48
19 71
64 9
31 83
51 37
76 49
1 48
43 49
61 78
41 33
39 74
36 5
46 61
65 69
59 53
25 45
22 69
40 48
50 26
72 73
54 29
14 8
88 80
18 51
61 47
54 24
85 81
63 57
55 27
11 68
13 10
86 42
86 78
100
70 20
51 13
55 40
14 32
25 1
55 96
57 56
55 31
98 63
9 72
61 3
70 52
98 67
70 66
79 26
0 51
79 95
25 77
79 23
51 34
51 74
51 18
57 35
79 50
98 21
31 43
51 54
79 61
93 84
40 28
79 60
0 79
0 70
77 86
70 45
57 92
51 58
98 38
57 9
79 16
25 87
64 2
55 7
0 57
25 17
79 24
76 85
34 4
25 78
55 81
55 36
70 71
25 97
57 19
70 22
98 47
55 80
98 83
76 44
98 62
0 14
76 6
79 49
25 53
0 76
0 55
76 75
77 88
25 90
25 91
57 73
79 27
98 46
55 11
65 29
25 10
70 89
55 12
55 65
98 82
57 64
23 33
0 42
57 39
51 41
76 99
0 25
6 15
51 93
77 37
51 30
98 94
70 5
57 68
0 98
51 8
70 69
70 48
13 59
93
58 5
0 9
61 42
43 18
45 38
45 33
45 23
57 8
57 36
59 3
82 11
59 79
45 40
82 21
57 56
58 51
45 49
29 67
58 81
29 68
57 2
59 35
0 29
0 64
58 26
59 77
61 17
9 6
58 60
59 22
61 84
29 27
45 24
45 20
29 31
57 4
59 83
9 16
61 86
82 65
82 25
0 55
82 90
92 48
0 82
46 37
45 12
57 30
83 19
57 50
58 73
58 91
71 78
61 70
29 75
82 92
58 74
82 53
0 59
58 13
0 58
29 72
29 41
61 63
29 76
61 89
59 62
9 87
61 66
0 61
45 15
29 39
55 34
57 71
59 46
82 32
58 14
57 7
59 69
9 80
0 57
61 28
59 88
61 52
78 44
0 45
9 10
29 85
82 43
12 47
82 1
57 54
100
80 70
0 31
0 27
0 47
0 96
0 77
0 90
0 89
0 73
0 42
0 16
0 30
0 11
0 37
0 66
0 10
0 6
0 52
0 53
0 45
0 60
0 67
0 20
0 56
0 83
0 49
0 25
8 61
0 75
0 93
51 78
0 85
0 91
0 63
0 54
0 95
50 82
0 36
0 48
0 23
0 57
0 59
0 80
0 64
95 29
0 34
0 50
0 87
41 58
0 74
0 65
0 98
0 68
0 62
0 7
0 22
0 81
0 46
0 14
0 8
0 41
0 69
0 18
0 79
0 5
0 44
0 92
0 3
0 88
0 4
0 2
0 28
0 84
0 94
0 19
0 76
0 86
0 38
0 24
0 13
0 97
0 17
0 72
0 51
0 43
0 55
0 15
0 12
86 21
0 9
0 71
0 99
0 39
0 32
0 40
0 1
0 35
0 33
0 26
97
0 31
0 80
0 79
0 30
0 85
0 1
0 16
0 74
0 77
0 49
0 53
0 34
0 48
0 67
0 12
0 24
0 47
0 44
0 32
0 13
0 28
0 56
0 27
0 52
0 11
0 21
0 40
0 55
0 2
0 29
0 8
0 37
0 64
0 89
0 82
0 46
0 90
0 18
0 33
0 83
0 50
0 69
0 51
0 58
0 63
0 39
0 42
0 25
0 41
0 45
0 43
0 73
0 91
0 86
63 75
0 19
0 72
0 36
0 87
0 95
37 60
1 88
0 22
0 68
0 26
0 5
0 9
0 20
0 59
0 81
0 6
0 3
0 93
0 70
0 57
0 76
0 65
0 96
0 7
0 54
0 17
0 15
0 84
0 92
0 78
0 94
0 23
0 61
0 71
0 38
0 4
0 14
18 62
0 10
0 35
0 66
100
79 51
39 57
41 32
88 76
49 86
74 58
46 47
30 77
84 46
93 69
77 56
88 49
92 33
70 42
73 88
34 36
45 80
49 8
29 64
32 49
48 24
21 97
53 68
48 78
77 13
11 41
61 75
91 90
28 70
51 97
5 12
49 34
89 10
67 85
91 49
10 40
1 68
6 29
12 4
90 10
51 38
32 20
55 62
16 99
2 96
65 88
39 49
61 25
78 8
88 37
27 21
76 66
58 82
26 2
22 45
72 97
11 19
32 9
5 90
21 6
71 84
7 63
71 87
96 31
68 84
60 68
1 95
67 41
77 43
21 55
84 59
89 94
92 89
73 17
78 23
14 0
77 32
99 11
80 46
35 39
63 98
16 44
6 63
54 24
3 77
81 71
83 98
2 61
90 26
47 6
72 52
83 50
58 18
34 15
21 58
49 93
6 49
42 9
0 27
91
43 55
49 33
73 86
4 0
12 78
18 57
74 75
51 48
68 18
86 31
14 28
69 39
44 50
36 42
52 18
47 18
8 85
45 26
76 16
33 63
46 32
3 69
75 6
37 55
18 40
56 32
59 62
10 6
65 68
49 36
83 80
3 88
43 61
67 31
71 60
17 24
19 47
28 77
29 3
83 64
70 76
56 82
18 45
55 18
34 35
3 21
69 18
45 20
47 75
59 1
86 60
86 17
60 27
77 19
90 64
48 13
5 32
11 66
67 15
16 38
16 2
54 3
89 30
33 70
79 14
52 33
55 9
44 30
78 84
32 28
13 77
41 12
7 8
47 11
76 72
35 83
1 31
64 69
60 25
69 84
3 22
63 87
50 57
14 81
86 47
55 58
72 23
8 63
0 73
28 53
100
18 52
55 3
98 93
58 54
90 75
37 54
6 20
34 23
3 36
65 7
43 10
93 0
2 50
5 70
49 41
76 27
53 59
42 21
72 57
62 74
0 71
10 74
4 57
26 13
70 81
99 1
36 58
29 14
44 94
23 68
29 22
39 57
73 38
78 52
98 15
53 64
86 57
83 85
64 51
5 47
16 21
70 66
0 87
17 49
89 9
72 24
35 13
96 79
27 11
77 97
47 56
74 44
56 23
91 61
49 10
42 95
20 42
92 16
9 14
67 82
31 65
92 13
78 53
63 72
36 59
70 12
41 18
62 21
46 71
66 40
73 49
18 29
19 67
66 71
66 25
2 23
67 75
83 7
69 84
9 28
90 85
12 30
91 32
33 65
49 99
72 15
26 85
67 96
85 97
88 51
61 45
23 82
76 45
84 21
5 8
48 63
45 60
47 80
15 91
99
89 4
27 34
46 45
96 10
76 91
86 14
54 84
47 13
91 46
11 69
36 12
22 18
64 65
51 37
38 81
70 16
2 43
91 98
63 67
83 58
5 37
25 12
93 40
2 95
18 83
18 76
55 6
7 68
84 51
44 24
27 72
27 59
66 21
66 68
50 93
20 98
20 7
44 75
11 87
67 3
71 39
96 85
28 97
17 37
41 34
46 32
9 37
61 13
51 85
77 36
85 64
29 19
42 43
16 56
62 27
35 18
82 56
0 34
53 74
90 15
52 31
63 94
43 15
75 30
6 48
57 19
58 50
70 19
81 32
11 62
1 77
36 49
12 80
60 67
18 86
10 0
87 60
23 12
29 25
31 12
79 88
92 83
33 55
62 53
21 88
39 66
28 16
7 61
8 67
33 97
65 75
33 3
35 78
26 33
64 89
90 16
87 73
23 58
100
32 88
79 76
21 20
28 67
41 53
3 14
95 33
15 26
27 84
56 2
62 4
39 5
90 6
31 60
53 22
54 1
14 55
71 99
41 80
85 19
66 11
9 36
75 25
51 76
81 41
24 32
44 87
65 90
30 68
27 26
63 39
72 16
63 25
38 92
56 47
18 29
39 94
53 74
5 77
68 88
81 78
86 67
3 66
27 77
64 71
56 27
19 5
69 12
27 23
89 73
1 94
15 8
3 97
71 51
72 12
29 12
41 45
76 60
73 91
42 19
26 96
66 36
45 33
0 16
59 0
44 23
6 98
21 71
73 58
33 70
68 90
49 33
10 62
82 59
79 15
1 49
28 38
30 14
61 17
93 30
77 40
62 11
18 91
84 89
28 69
45 50
67 34
54 46
72 83
89 17
0 57
79 43
86 7
13 88
37 36
30 80
48 13
25 52
35 11
93
82 63
38 19
52 72
92 7
55 8
60 35
75 22
61 55
79 87
92 14
0 86
15 40
13 67
92 26
32 50
72 70
4 36
90 57
89 24
85 54
34 2
87 27
20 85
11 36
23 3
52 43
84 2
78 33
9 12
57 28
4 78
68 65
76 85
78 31
28 43
56 41
10 58
18 35
58 74
89 46
47 25
7 91
59 45
57 22
89 56
69 84
61 74
39 12
56 13
27 50
26 80
36 73
63 0
64 50
44 32
33 41
7 37
19 33
47 48
77 62
59 1
6 70
79 53
29 81
42 13
29 5
87 48
41 71
5 35
66 19
8 77
47 61
30 80
39 15
28 49
83 47
88 86
56 90
3 74
56 91
87 68
5 2
54 26
44 31
17 55
39 6
29 25
85 51
88 21
88 70
84 16
59 44
