100 1000 100000000000000000000000000000000000000000000000000
46051205138965322498087532024722691989771371414
1103798592954982354884060733863169167017111261964
2134775311370002731075415559027015242842745110984
4095407189101792032725895489470860235064922689898
4829858063669670664310542487779837767129522696509
5172092035582338052619256211692380534357102420292
6617854718512065152463945614810740876273043514399
7465884026216306149068917642417293985661570911077
7956895987989730326988342953479021898876550698206
9506749541043756646030598863123795487353405174412
10106860720623479366604907200197058848561913840949
12262044145643402729096127317003858512284072211714
12589840656002821175465075266741073275319294850073
13613919497610644837634770098921492230374425138056
15282802864828864609287659686012973384667039518279
15754434468894279940379842467573217730263274517458
17003328322605767799500265462243699153107190671554
17775234576258834373496029759574690812239821092217
18947403156884128995918011246837245589515600257785
20089400249241476902164229917395249540399805735732
20689335018330471738751347585337320449268375282294
22022369481179680321403764185006938385800567494159
23731989581339495761510174889383343845348960441592
24327610624027990090658681803662326101097156812734
25622274334109017554594937539021501721109947961103
26648738749700092777101750626520940040200388405764
27929121151269109753837634008266817819446041526545
28215087538476502716985110331173896325045184634708
29714861497199681542288516192563610020940749946347
30246586812861147098656106535597944319756565469023
31374141099460728609849764015785186110705781449684
32043964088461894180416603842821598010189661632446
33629553342772405505061962161579181623970982639419
34351988227550405817933430841475329414069151119964
35978120280140474117204624565215819309355565996028
36437447192159159880670253493270704668513655278932
37353859839788071596263408231808274263906852703425
39055368349592822317248610847621971263733926958853
39323865307311837665437235224404818757312130811424
40142837957463392150417528086071027575921401495466
41529294086938872917945269220580283476302312056818
43439508266138903430743233418755184522061078520948
44158580014440336815376334915196757448594413277944
45168527293550405870803205064473830673863035256812
45841027864138877302217346189472179242644017515862
47398990252868945953774875580565556664714453388199
48067518505321796044343369832326880318133549781888
48819643227339894612081005538623346072840986107963
50621900507821318480449712812922781694174545916309
51323665947201811268442844617019847592437684227330
51769197437944159569920942168817609584451221114167
52889790428522896714949212634314149222421048896559
54148683424199664391187291385420875226531150459028
55742369461184718093336894625895726889324648664307
56078326505168910683602876057825837824313204348866
57342274725960297013621745427808171319628657072591
58400077686016569314234117244343806545502233083298
59234710253987581514223864673236229149212110909388
60010551561357975789942166066632311247604429236847
60539558242035691380354297222822558268285161603379
61265761718724754299359394893907813829248936962503
62126593618921100115868435070395241025255352107346
63171636122187828774400200999588869939331911688059
65241888674283105806780695416797369594068313901797
66285836164625331882867316505988594793227111172357
66495108016147823266686853967202434563787181171618
67776824240023832729061359896462500339018887321528
68678848599905973215893185724940817372048737478897
69633502172959859616872806579510792816339467354284
69831061370430171197938168160305909487105923718370
70688239610606905947826082822747272698995518696808
71848295565292028605321856210887605975493540373213
72860064950162232107191772045959138010046402042607
73984835061603472794716575496123076096312412763568
74692267192586189740398279031061030769777643174700
75707110198150729868624646871534229255293554683391
76466276190232061757758025050965021730209097856840
77592668563503827026533978099286059887362974369772
78229498570945303007941556005092117082967763862434
79661511712194908115522973283719736542248030005485
80386647532707396493679421949363597209938504187936
82062561280218680845875157472731690288906755640587
82717348434365028644475173056921143807897083867719
83804362514049716084825367977740049845069689748566
84703954833657694867245237809959679922726589193148
86336706445613080443737593221819339024876760767329
86625155477357768831470749839596497051092275206569
87584443215154959549494453536686067805789821986772
88602952150970190583434254580207995221549145561054
89168261667103236348154620529172976306673711890461
90416086617401409113681883736012298853391372071685
91450438119246288511496983948707226125547338630424
92735305292485845166479934049789359665294661630494
93230669494972237742813375055935490169441534663889
94708730548890907294173929231425004463510263085545
96171035459521823588280756179397077456468607227279
96569121151128334039389354597686509027037863319750
97219568639311153517565667331921107931987737102392
98143982969158667823646746991660357104668457416826
99696537098903795130618423217495961689698304846935
