50
100
2001
24 7 63
24 63 76
24 35 22
24 43 26
24 52 77
24 71 12
24 59 47
24 32 48
24 89 20
24 17 65
24 9 57
24 74 53
24 79 4
24 56 46
24 76 74
24 87 20
24 65 88
24 12 32
24 69 63
24 23 10
24 80 27
24 27 100
24 62 84
24 86 57
24 51 14
24 99 99
24 46 30
24 82 3
24 3 3
24 55 32
24 22 34
24 70 18
24 100 82
24 36 63
7 83 76
7 45 95
7 63 67
7 47 70
7 37 89
7 13 12
7 32 44
7 89 78
7 74 92
7 90 56
7 21 26
7 56 13
7 68 76
7 38 54
7 49 71
7 10 25
7 76 1
7 72 91
7 2 94
7 87 100
7 65 83
7 12 21
7 80 88
7 27 24
7 62 14
7 29 28
7 92 11
7 88 58
7 86 45
7 99 44
7 28 17
7 91 32
7 19 78
7 30 60
7 53 80
7 64 30
7 8 62
7 15 92
7 42 82
7 70 66
7 84 21
83 63 71
83 47 60
83 35 20
83 52 14
83 81 73
83 59 85
83 89 83
83 74 44
83 90 78
83 21 43
83 68 58
83 38 74
83 49 20
83 10 65
83 76 22
83 72 91
83 87 85
83 6 79
83 33 38
83 23 38
83 80 19
83 96 74
83 95 79
83 92 89
83 75 20
83 51 22
83 50 75
83 28 64
83 91 19
83 19 79
83 60 90
83 64 80
83 61 99
83 18 58
83 98 77
83 78 83
83 14 34
83 3 53
83 48 100
83 54 100
83 42 27
83 93 67
83 22 6
83 70 35
83 41 45
45 63 8
45 47 63
45 35 52
45 37 99
45 59 37
45 32 42
45 66 91
45 17 34
45 79 83
45 21 15
45 94 69
45 56 24
45 49 71
45 72 88
45 40 20
45 67 10
45 65 17
45 6 63
45 20 41
45 33 20
45 27 27
45 57 52
45 62 34
45 95 40
45 75 58
45 11 20
45 28 64
45 91 49
45 19 70
45 60 98
45 46 65
45 18 71
45 39 76
45 15 23
45 14 24
45 3 66
45 42 56
45 93 74
63 47 71
63 35 43
63 43 46
63 37 30
63 13 59
63 17 75
63 9 39
63 74 73
63 90 85
63 21 8
63 26 66
63 56 42
63 38 10
63 34 63
63 49 34
63 10 58
63 76 85
63 72 46
63 6 9
63 33 31
63 80 34
63 27 68
63 62 81
63 29 5
63 92 3
63 11 49
63 51 96
63 28 11
63 4 8
63 30 10
63 61 8
63 39 59
63 8 11
63 44 10
63 98 64
63 55 84
63 54 99
63 42 50
63 22 88
63 41 67
47 35 60
47 37 22
47 71 66
47 81 69
47 59 82
47 32 79
47 9 59
47 79 90
47 21 19
47 94 45
47 26 69
47 68 38
47 38 95
47 2 63
47 67 66
47 87 24
47 65 85
47 12 23
47 33 35
47 80 46
47 27 93
47 77 34
47 57 18
47 11 35
47 51 89
47 91 83
47 19 94
47 31 94
47 30 12
47 60 73
47 53 50
47 39 42
47 44 84
47 98 41
47 78 89
47 97 64
47 1 6
47 55 33
47 54 29
47 42 73
47 93 49
47 70 42
47 36 89
47 41 63
47 84 32
35 43 27
35 37 58
35 52 84
35 32 62
35 89 67
35 66 11
35 9 5
35 74 96
35 90 59
35 94 75
35 26 33
35 56 52
35 38 62
35 76 78
35 72 37
35 2 99
35 6 17
35 69 64
35 33 53
35 62 40
35 29 14
35 51 18
35 50 73
35 28 3
35 91 96
35 19 38
35 53 27
35 64 54
35 46 42
35 18 87
35 82 95
35 98 22
35 15 54
35 78 31
35 93 28
35 22 44
35 70 87
35 41 73
35 84 94
43 13 41
43 52 97
43 71 96
43 16 20
43 66 66
43 5 14
43 21 9
43 26 77
43 34 81
43 58 9
43 10 91
43 76 86
43 72 56
43 87 100
43 65 58
43 73 44
43 69 47
43 27 48
43 96 50
43 77 46
43 95 50
43 29 97
43 28 13
43 91 95
43 19 29
43 4 67
43 25 24
43 60 96
43 64 45
43 46 47
43 61 28
43 18 66
43 8 38
43 98 14
43 14 19
43 1 26
43 48 67
43 42 10
43 93 76
43 22 14
43 100 90
43 41 37
37 81 26
37 32 85
37 66 69
37 9 10
37 79 71
37 94 26
37 56 99
37 34 51
37 58 57
37 49 44
37 10 56
37 72 76
37 65 58
37 73 13
37 20 32
37 80 88
37 96 11
37 86 28
37 11 21
37 51 40
37 99 6
37 28 37
37 31 14
37 25 84
37 30 17
37 53 11
37 64 87
37 46 64
37 61 12
37 18 27
37 44 87
37 98 55
37 14 29
37 1 68
37 55 3
37 42 20
37 70 49
13 71 10
13 16 92
13 32 97
13 66 26
13 17 58
13 9 17
13 74 37
13 79 76
13 21 81
13 94 73
13 56 47
13 58 59
13 10 45
13 72 92
13 2 69
13 40 2
13 87 42
13 73 87
13 12 63
13 33 10
13 23 67
13 27 70
13 96 40
13 77 88
13 51 90
13 99 79
13 28 89
13 31 58
13 61 20
13 18 89
13 8 41
13 44 74
13 98 7
13 97 86
13 54 15
13 42 5
13 70 4
13 100 96
13 36 52
13 84 59
52 16 4
52 32 65
52 89 30
52 17 53
52 5 60
52 90 58
52 56 28
52 12 46
52 85 17
52 20 99
52 96 60
52 77 97
52 57 84
52 62 7
52 29 4
52 75 44
52 51 36
52 50 68
52 46 14
52 61 68
52 18 61
52 82 43
52 54 26
52 70 62
52 100 15
71 81 30
71 89 67
71 66 20
71 17 84
71 79 82
71 5 92
71 26 54
71 68 26
71 38 60
71 34 93
71 58 29
71 49 32
71 2 86
71 40 9
71 87 74
71 65 48
71 6 5
71 23 74
71 27 72
71 96 85
71 57 23
71 62 85
71 29 95
71 88 14
71 11 65
71 51 32
71 50 86
71 19 46
71 4 3
71 60 41
71 18 2
71 8 50
71 44 59
71 98 5
71 78 18
71 97 11
71 1 69
71 55 91
71 54 11
71 36 66
71 41 27
81 16 52
81 66 47
81 5 88
81 90 30
81 94 43
81 68 91
81 34 33
81 58 24
81 49 40
81 10 31
81 40 1
81 12 64
81 69 46
81 20 47
81 33 25
81 23 42
81 80 33
81 96 9
81 77 52
81 57 23
81 62 62
81 95 29
81 29 60
81 75 66
81 11 69
81 4 64
81 30 73
81 60 41
81 61 11
81 82 32
81 44 49
81 15 74
81 14 14
81 93 71
81 22 69
81 100 15
81 36 39
81 84 66
16 59 77
16 66 26
16 17 28
16 74 60
16 90 89
16 94 1
16 26 15
16 56 21
16 38 20
16 34 66
16 49 66
16 10 50
16 72 63
16 2 87
16 67 70
16 12 46
16 69 90
16 85 23
16 20 95
16 96 70
16 77 29
16 62 75
16 95 65
16 92 98
16 75 45
16 99 76
16 19 49
16 60 39
16 46 99
16 18 94
16 98 78
16 78 86
16 14 89
16 3 57
16 42 59
16 93 79
16 70 26
16 100 89
16 36 35
16 84 87
59 9 97
59 5 8
59 21 69
59 94 82
59 26 60
59 56 49
59 34 54
59 49 95
59 72 64
59 40 49
59 87 52
59 65 63
59 20 61
59 33 14
59 27 56
59 62 22
59 92 58
59 88 60
59 51 71
59 99 84
59 53 62
59 39 10
59 44 12
59 15 75
59 78 45
59 14 79
59 97 62
59 48 98
59 55 58
59 36 24
59 84 63
32 17 42
32 9 69
32 90 9
32 94 21
32 26 31
32 68 36
32 38 12
32 34 75
32 58 36
32 40 26
32 67 32
32 87 94
32 6 34
32 12 14
32 69 13
32 20 2
32 33 33
32 23 60
32 27 34
32 57 56
32 29 59
32 92 48
32 75 53
32 86 50
32 11 18
32 51 68
32 50 91
32 28 71
32 91 84
32 19 75
32 31 68
32 4 59
32 25 64
32 30 93
32 53 66
32 39 32
32 8 80
32 44 87
32 98 3
32 55 79
32 54 100
32 42 8
32 93 63
32 70 33
32 100 59
32 36 17
32 84 48
89 66 80
89 17 15
89 74 63
89 79 33
89 5 67
89 21 14
89 94 78
89 38 75
89 40 67
89 87 68
89 65 25
89 6 86
89 69 55
89 20 60
89 80 85
89 96 34
89 77 34
89 95 4
89 92 23
89 88 91
89 99 70
89 4 21
89 61 3
89 82 71
89 39 1
89 44 25
89 98 14
89 78 2
89 97 12
89 3 48
89 55 76
89 22 58
89 100 11
66 79 25
66 90 11
66 26 68
66 56 85
66 68 99
66 38 32
66 34 13
66 10 32
66 2 88
66 67 91
66 87 68
66 85 77
66 20 49
66 33 98
66 23 14
66 96 10
66 57 63
66 29 7
66 92 65
66 88 40
66 86 35
66 11 44
66 51 62
66 50 65
66 46 80
66 8 4
66 44 62
66 78 80
66 97 24
66 1 34
66 3 63
66 54 55
66 36 43
17 9 56
17 79 50
17 5 9
17 26 2
17 38 37
17 2 5
17 67 65
17 87 19
17 12 86
17 77 6
17 62 40
17 95 13
17 92 2
17 86 39
17 11 81
17 51 78
17 50 65
17 28 1
17 4 36
17 25 23
17 60 81
17 46 26
17 61 70
17 44 47
17 15 96
17 97 8
17 42 80
17 93 75
17 70 2
17 41 8
9 26 3
9 38 83
9 58 54
9 72 58
9 6 23
9 69 62
9 20 29
9 23 70
9 57 41
9 62 29
9 95 69
9 86 43
9 11 12
9 53 67
9 39 29
9 44 95
9 14 44
9 97 42
9 1 61
9 48 72
9 55 98
9 54 13
9 22 18
9 100 48
9 84 96
74 5 86
74 90 39
74 21 57
74 94 72
74 34 31
74 58 38
74 49 62
74 67 53
74 87 93
74 6 52
74 12 53
74 96 56
74 77 25
74 62 16
74 95 98
74 86 95
74 28 69
74 91 64
74 4 81
74 46 11
74 82 83
74 97 15
74 54 79
74 93 86
74 36 99
79 90 87
79 21 87
79 68 42
79 38 100
79 76 52
79 2 42
79 40 9
79 67 57
79 87 6
79 65 60
79 12 32
79 80 89
79 27 29
79 77 50
79 57 93
79 99 18
79 19 80
79 60 46
79 64 57
79 46 70
79 8 56
79 44 41
79 98 9
79 15 59
79 78 46
79 1 45
79 3 2
79 48 48
79 55 42
79 22 27
5 94 70
5 26 56
5 68 14
5 49 97
5 72 7
5 6 1
5 12 61
5 69 44
5 85 5
5 77 34
5 62 36
5 92 99
5 88 80
5 86 97
5 51 39
5 99 99
5 91 21
5 4 97
5 25 96
5 30 31
5 60 53
5 53 88
5 64 57
5 18 72
5 82 70
5 39 27
5 44 22
5 15 75
5 1 31
5 55 29
5 54 5
5 93 58
5 22 45
5 36 96
5 41 36
90 21 63
90 94 49
90 56 91
90 68 56
90 38 37
90 49 67
90 10 48
90 76 38
90 72 76
90 87 44
90 69 88
90 20 90
90 80 37
90 77 59
90 95 22
90 29 32
90 75 73
90 88 59
90 11 34
90 51 53
90 99 62
90 28 20
90 19 60
90 25 26
90 64 67
90 18 92
90 39 39
90 44 7
90 98 16
90 55 37
90 54 30
90 93 92
90 100 89
90 36 18
90 41 60
21 38 96
21 72 87
21 40 21
21 65 6
21 12 58
21 69 15
21 85 42
21 80 64
21 95 34
21 29 41
21 92 56
21 75 94
21 86 90
21 50 33
21 4 42
21 25 15
21 30 96
21 60 74
21 64 10
21 46 86
21 61 89
21 44 73
21 1 92
21 3 10
21 48 14
21 54 87
21 36 56
94 26 8
94 58 31
94 10 79
94 72 84
94 87 38
94 73 1
94 69 53
94 20 4
94 33 46
94 80 25
94 27 91
94 77 19
94 62 40
94 86 84
94 99 41
94 50 94
94 91 1
94 64 61
94 61 66
94 18 23
94 44 2
94 98 8
94 1 30
94 93 54
94 70 42
94 41 8
26 56 29
26 38 75
26 58 57
26 49 37
26 10 93
26 76 91
26 72 3
26 87 90
26 6 80
26 12 40
26 33 36
26 62 78
26 95 75
26 29 67
26 88 9
26 86 43
26 11 54
26 51 59
26 91 71
26 4 49
26 25 18
26 30 30
26 53 85
26 64 28
26 15 16
26 78 3
26 97 74
26 48 96
26 55 16
26 93 12
26 22 40
26 70 71
26 36 42
26 41 59
26 84 43
56 38 56
56 34 11
56 49 56
56 10 35
56 2 15
56 67 16
56 65 28
56 6 69
56 73 83
56 69 58
56 85 74
56 80 51
56 96 93
56 57 48
56 75 28
56 51 77
56 50 56
56 4 62
56 25 16
56 30 82
56 18 58
56 8 63
56 15 41
56 78 84
56 1 42
56 55 95
56 22 17
56 100 80
56 41 95
68 72 59
68 65 9
68 6 4
68 73 46
68 12 37
68 69 3
68 80 60
68 27 27
68 96 32
68 57 44
68 62 41
68 95 56
68 92 89
68 75 26
68 88 37
68 91 68
68 18 49
68 82 13
68 39 34
68 8 51
68 98 6
68 14 91
68 3 86
68 54 49
68 22 22
68 100 50
68 36 3
68 84 70
38 58 47
38 49 84
38 72 89
38 2 78
38 40 49
38 87 63
38 96 4
38 57 54
38 29 99
38 92 63
38 51 2
38 50 12
38 28 36
38 91 25
38 60 59
38 53 43
38 18 1
38 82 42
38 39 24
38 44 80
38 98 51
38 78 31
38 14 67
38 54 36
38 42 90
38 22 92
34 58 56
34 76 7
34 73 44
34 69 33
34 33 98
34 23 22
34 80 9
34 96 75
34 95 98
34 88 14
34 91 5
34 19 40
34 4 99
34 30 30
34 64 39
34 18 64
34 15 31
34 78 23
34 14 52
34 97 30
34 55 55
34 54 84
34 42 44
58 49 18
58 72 18
58 40 69
58 67 44
58 87 92
58 12 41
58 69 3
58 20 18
58 80 43
58 27 25
58 96 86
58 88 78
58 28 30
58 19 4
58 53 30
58 46 68
58 18 68
58 44 76
58 98 36
58 15 36
58 97 75
58 48 15
58 42 63
58 100 42
58 36 95
58 84 46
49 76 40
49 2 46
49 65 65
49 6 86
49 20 55
49 80 93
49 57 3
49 29 70
49 92 93
49 75 89
49 86 18
49 11 31
49 51 78
49 19 32
49 30 49
49 61 82
49 39 92
49 8 17
49 98 85
49 97 77
49 1 99
49 3 13
49 48 25
49 22 74
49 70 80
49 100 9
49 36 79
49 41 26
10 76 66
10 2 55
10 67 18
10 65 29
10 6 60
10 23 72
10 96 97
10 77 44
10 62 73
10 29 57
10 86 64
10 11 26
10 31 24
10 64 14
10 8 92
10 44 94
10 14 60
10 1 15
10 48 12
10 55 45
10 42 49
10 22 2
10 36 46
10 41 20
76 67 79
76 87 18
76 65 65
76 6 4
76 62 59
76 95 26
76 29 42
76 92 57
76 99 7
76 30 8
76 46 38
76 18 20
76 98 39
76 78 48
76 14 37
76 97 29
76 1 15
76 3 12
76 48 1
76 42 77
76 93 75
76 84 77
72 2 85
72 67 47
72 65 46
72 12 49
72 69 59
72 85 39
72 23 97
72 80 85
72 96 31
72 95 31
72 75 30
72 88 10
72 86 21
72 51 47
72 50 49
72 28 55
72 4 30
72 25 20
72 30 63
72 53 5
72 64 83
72 46 98
72 44 89
72 98 56
72 14 11
72 97 30
72 1 95
72 22 36
2 87 66
2 73 27
2 23 67
2 80 79
2 27 22
2 29 28
2 86 95
2 99 32
2 50 90
2 91 84
2 53 57
2 44 95
2 97 56
2 1 45
2 42 23
2 70 35
2 100 70
40 87 35
40 73 78
40 85 62
40 23 77
40 80 19
40 29 64
40 92 6
40 75 41
40 86 54
40 11 10
40 99 46
40 50 80
40 30 41
40 60 19
40 18 97
40 82 87
40 39 94
40 44 88
40 14 13
40 97 97
40 1 3
40 3 54
40 54 54
40 100 95
40 41 1
67 65 72
67 73 97
67 69 45
67 20 7
67 62 57
67 11 91
67 28 29
67 91 42
67 19 43
67 31 29
67 4 82
67 18 16
67 98 85
67 14 86
67 1 66
67 3 50
67 48 60
67 55 57
67 54 72
67 93 3
67 22 9
67 100 56
67 36 1
67 84 38
87 6 38
87 85 55
87 33 55
87 96 50
87 95 38
87 92 7
87 75 39
87 88 17
87 86 2
87 51 3
87 99 14
87 28 27
87 31 88
87 4 98
87 64 79
87 44 56
87 55 20
87 93 16
87 22 75
87 70 24
87 100 30
87 36 61
87 84 19
65 69 60
65 20 99
65 96 11
65 57 54
65 29 14
65 92 41
65 86 55
65 11 51
65 51 19
65 91 70
65 30 8
65 60 94
65 53 7
65 61 76
65 8 7
65 44 47
65 98 12
65 15 59
65 97 47
65 3 51
65 55 38
65 54 56
65 93 47
65 100 68
6 73 64
6 12 86
6 85 55
6 33 46
6 23 93
6 80 34
6 96 92
6 62 84
6 29 88
6 75 97
6 88 17
6 11 12
6 99 42
6 50 46
6 19 72
6 31 54
6 4 52
6 60 62
6 64 78
6 18 96
6 8 10
6 14 27
6 97 83
6 54 95
6 93 45
73 12 82
73 33 57
73 23 15
73 29 89
73 92 97
73 88 69
73 51 96
73 50 55
73 28 49
73 91 90
73 31 73
73 46 69
73 82 76
73 98 99
73 15 88
73 48 48
73 55 86
73 54 97
73 41 56
12 33 90
12 27 58
12 96 64
12 77 68
12 57 4
12 95 65
12 92 65
12 99 82
12 50 27
12 31 15
12 60 41
12 82 47
12 39 86
12 8 4
12 44 42
12 98 10
12 14 34
12 97 1
12 1 55
12 3 76
12 48 59
12 55 82
12 42 83
12 22 34
12 70 21
12 84 51
69 23 46
69 80 66
69 77 79
69 62 29
69 95 14
69 88 46
69 86 94
69 11 38
69 99 64
69 50 4
69 19 31
69 31 29
69 53 37
69 46 2
69 61 42
69 39 10
69 8 10
69 44 55
69 97 3
69 48 99
69 54 15
69 42 62
69 93 87
69 36 36
69 84 3
85 33 2
85 80 78
85 27 71
85 62 61
85 95 46
85 92 13
85 75 70
85 11 55
85 91 50
85 30 37
85 8 40
85 15 49
85 1 13
85 93 59
85 41 94
85 84 25
20 33 58
20 27 18
20 77 12
20 57 73
20 29 91
20 92 64
20 88 82
20 99 100
20 91 19
20 31 97
20 4 26
20 53 74
20 46 99
20 82 19
20 8 62
20 14 26
20 97 38
20 48 88
20 93 69
20 22 59
20 100 60
20 36 78
33 23 97
33 27 11
33 57 78
33 62 55
33 95 75
33 29 55
33 92 68
33 11 98
33 50 96
33 91 54
33 4 17
33 30 39
33 64 22
33 46 50
33 82 54
33 97 93
33 1 16
33 3 43
33 54 28
33 93 96
33 100 91
33 41 64
23 96 42
23 77 70
23 57 98
23 62 77
23 95 47
23 29 40
23 92 2
23 75 67
23 88 79
23 86 49
23 51 25
23 50 90
23 91 98
23 19 15
23 31 35
23 30 18
23 64 68
23 61 7
23 82 90
23 44 23
23 15 5
23 48 57
23 93 94
23 100 5
23 41 85
23 84 62
80 27 58
80 95 14
80 92 95
80 88 67
80 99 10
80 50 49
80 4 47
80 25 8
80 30 72
80 53 5
80 64 33
80 46 91
80 61 24
80 82 24
80 8 94
80 44 12
80 98 19
80 15 20
80 1 95
80 54 91
80 93 51
80 100 51
80 84 88
27 77 32
27 62 30
27 51 76
27 91 1
27 64 60
27 46 92
27 98 30
27 14 62
27 55 11
27 100 75
27 36 2
27 84 34
96 57 77
96 95 24
96 88 77
96 51 69
96 28 76
96 60 74
96 53 86
96 18 49
96 78 89
96 3 45
96 55 88
96 42 54
96 93 51
96 70 27
96 100 18
77 57 47
77 62 43
77 92 42
77 86 48
77 51 66
77 99 65
77 50 19
77 31 17
77 64 83
77 78 42
77 14 92
77 97 74
77 1 76
77 3 12
77 48 79
77 54 31
77 42 97
77 36 29
57 62 67
57 95 79
57 29 82
57 92 86
57 88 53
57 51 95
57 50 75
57 28 6
57 91 75
57 4 74
57 60 69
57 8 32
57 98 73
57 78 80
57 97 44
57 3 59
57 55 73
57 22 49
57 100 21
57 36 54
62 29 30
62 86 24
62 99 67
62 61 9
62 18 43
62 82 98
62 8 95
62 44 42
62 98 75
62 15 82
62 78 52
62 3 61
62 93 61
62 22 41
62 70 27
62 100 47
95 92 71
95 86 66
95 4 5
95 30 38
95 61 70
95 82 27
95 39 16
95 78 3
95 14 51
95 97 37
95 1 48
95 55 66
95 54 40
95 93 83
95 22 44
95 41 11
29 92 45
29 88 73
29 86 50
29 51 73
29 99 67
29 28 53
29 91 82
29 19 1
29 4 40
29 25 5
29 60 15
29 64 100
29 61 39
29 18 74
29 82 47
29 8 53
29 98 90
29 15 35
29 78 22
29 3 71
29 48 29
29 54 75
29 42 80
29 93 46
29 22 36
29 70 7
29 100 8
29 84 83
92 75 55
92 99 61
92 50 21
92 91 61
92 19 90
92 30 19
92 60 48
92 53 41
92 61 45
92 39 92
92 8 16
92 98 57
92 78 47
92 1 93
92 3 30
92 48 7
92 84 96
75 88 69
75 50 46
75 91 42
75 25 17
75 15 75
75 78 8
75 97 70
75 3 98
75 48 12
75 55 82
75 54 6
75 100 80
75 41 8
75 84 54
88 51 28
88 99 51
88 91 43
88 4 58
88 30 70
88 64 48
88 46 59
88 61 75
88 82 63
88 44 53
88 42 88
88 22 17
88 36 73
88 84 88
86 50 74
86 91 53
86 19 6
86 60 95
86 64 77
86 61 79
86 18 47
86 39 79
86 8 64
86 44 21
86 15 100
86 48 83
86 41 96
86 84 81
11 99 87
11 31 3
11 4 46
11 30 77
11 60 91
11 82 57
11 39 89
11 8 64
11 44 80
11 98 21
11 14 66
11 3 32
11 48 71
11 55 11
11 42 29
11 70 71
11 100 10
51 31 42
51 25 81
51 53 44
51 64 63
51 46 57
51 61 35
51 18 33
51 8 84
51 15 34
51 3 83
51 55 95
51 54 90
51 100 90
51 36 14
51 41 62
51 84 23
99 53 35
99 64 90
99 61 88
99 18 54
99 8 25
99 98 7
99 78 63
99 1 57
99 48 28
99 42 75
50 28 31
50 91 20
50 19 89
50 30 14
50 53 79
50 64 78
50 46 55
50 18 45
50 82 11
50 8 99
50 14 95
50 97 40
50 1 96
50 48 67
50 93 41
50 70 97
50 100 34
50 36 37
50 41 60
28 19 80
28 61 44
28 8 12
28 78 42
28 14 25
28 55 63
28 42 71
91 19 40
91 46 87
91 18 11
91 39 95
91 8 87
91 98 100
91 78 91
91 14 74
91 97 26
91 3 88
91 48 25
91 55 67
91 22 27
91 70 28
91 100 65
91 36 85
91 41 98
19 31 61
19 25 48
19 30 88
19 61 31
19 98 14
19 1 66
19 48 78
19 55 26
19 42 98
19 22 27
19 41 68
31 25 23
31 30 96
31 60 72
31 64 7
31 46 58
31 82 34
31 8 16
31 44 29
31 15 36
31 14 17
31 55 80
31 93 7
31 100 24
31 36 75
4 25 51
4 53 55
4 46 57
4 18 46
4 82 47
4 39 16
4 8 98
4 44 6
4 98 52
4 55 15
4 54 52
4 42 24
4 41 77
25 30 14
25 53 45
25 64 63
25 46 13
25 82 80
25 39 69
25 8 21
25 78 42
25 97 5
25 1 13
25 3 22
25 70 32
25 41 20
30 53 66
30 64 81
30 18 67
30 15 99
30 1 39
30 3 41
30 48 19
30 54 48
30 42 19
30 93 19
30 70 54
30 41 99
30 84 56
60 64 35
60 46 49
60 61 17
60 18 17
60 82 54
60 8 82
60 44 9
60 1 33
60 48 47
60 70 9
60 100 19
60 41 74
53 64 67
53 46 60
53 61 56
53 44 12
53 98 60
53 78 18
53 41 86
64 46 8
64 61 100
64 8 24
64 44 77
64 97 88
64 1 73
64 3 73
64 48 3
64 22 43
64 36 72
46 82 54
46 98 62
46 15 95
46 14 12
46 42 59
46 22 40
46 70 50
61 18 77
61 82 73
61 98 66
61 78 33
61 14 49
61 1 12
61 3 56
61 55 16
61 54 52
61 70 37
61 41 68
61 84 66
18 8 46
18 44 5
18 98 94
18 15 58
18 14 94
18 1 98
18 3 80
18 48 48
18 55 4
18 93 22
18 100 34
82 39 50
82 8 59
82 78 76
82 3 23
82 55 19
82 93 37
82 100 86
82 84 95
39 44 62
39 14 70
39 97 37
39 3 94
39 93 41
39 22 52
39 36 27
8 44 85
8 98 83
8 15 14
8 78 38
8 14 34
8 97 87
8 1 13
8 48 39
8 55 5
8 54 27
8 42 23
8 93 30
8 36 14
8 84 70
44 98 64
44 78 53
44 1 22
44 3 25
44 48 96
44 70 4
44 100 46
44 84 97
98 15 67
98 78 43
98 97 84
98 3 90
98 54 29
98 93 62
98 84 15
15 78 87
15 54 14
15 93 38
15 22 56
15 70 76
15 84 76
78 14 38
78 1 95
78 3 81
78 93 38
78 100 62
78 36 84
78 41 7
78 84 100
14 97 71
14 48 25
14 54 30
14 42 94
14 70 9
97 3 83
97 55 62
97 42 63
97 93 72
97 22 38
97 70 58
97 84 21
1 48 1
1 93 95
1 70 98
1 100 40
1 36 22
1 41 72
1 84 10
3 54 90
3 42 30
3 22 81
3 100 29
48 54 2
48 93 69
48 100 47
48 41 84
48 84 26
55 100 53
55 84 14
54 84 4
42 22 7
42 70 3
42 41 90
93 70 67
93 100 35
93 41 97
22 70 48
22 36 8
22 84 24
70 100 47
41 84 73
19 14 15 16 23 4 51 94 36 20 62 95 8 53 42 74 54 96 87 46 26 63 37 89 5 95 91 6 38 74 40 11 86 10 26 63 66 75 58 2 49 74 96 11 28 92 83 80 89 27
